«¯”Ú1,«¯”Ú2,æ‡¿Î
1,3,69540
3,1,69540
1,9,59231
9,1,59231
1,10,40839
10,1,40839
1,14,33419
14,1,33419
1,15,20793
15,1,20793
1,17,15264
17,1,15264
1,22,17287
22,1,17287
1,24,54291
24,1,54291
1,26,33387
26,1,33387
1,27,57540
27,1,57540
1,29,50027
29,1,50027
1,30,59357
30,1,59357
1,31,31447
31,1,31447
1,34,56572
34,1,56572
1,36,38262
36,1,38262
1,39,40630
39,1,40630
1,38,225409
38,1,225409
1,41,307922
41,1,307922
1,45,317872
45,1,317872
1,47,257128
47,1,257128
1,48,350433
48,1,350433
1,52,313063
52,1,313063
1,54,229252
54,1,229252
1,55,363399
55,1,363399
1,57,314717
57,1,314717
1,60,273066
60,1,273066
1,63,334252
63,1,334252
1,64,364152
64,1,364152
1,65,273081
65,1,273081
1,66,193399
66,1,193399
1,69,320187
69,1,320187
1,71,248936
71,1,248936
1,73,366600
73,1,366600
1,74,344043
74,1,344043
1,76,226949
76,1,226949
1,78,345703
78,1,345703
1,79,352834
79,1,352834
1,2,355122
2,1,355122
1,4,411737
4,1,411737
1,5,421131
5,1,421131
1,6,392042
6,1,392042
1,7,342055
7,1,342055
1,8,370692
8,1,370692
1,11,431204
11,1,431204
1,12,345129
12,1,345129
1,13,325497
13,1,325497
1,16,294107
16,1,294107
1,18,459600
18,1,459600
1,19,386444
19,1,386444
1,20,469673
20,1,469673
1,21,484086
21,1,484086
1,23,488879
23,1,488879
1,25,446192
25,1,446192
1,28,439597
28,1,439597
1,32,358515
32,1,358515
1,33,318847
33,1,318847
1,35,464316
35,1,464316
1,37,448036
37,1,448036
1,40,472857
40,1,472857
1,42,482131
42,1,482131
1,43,512231
43,1,512231
1,44,447891
44,1,447891
1,46,468809
46,1,468809
1,49,485999
49,1,485999
1,50,483510
50,1,483510
1,51,433708
51,1,433708
1,53,434265
53,1,434265
1,56,465284
56,1,465284
1,58,456487
58,1,456487
1,59,464327
59,1,464327
1,61,459558
61,1,459558
1,62,397048
62,1,397048
1,67,465740
67,1,465740
1,68,449037
68,1,449037
1,70,468465
70,1,468465
1,72,462989
72,1,462989
1,75,459812
75,1,459812
1,77,462540
77,1,462540
3,9,75899
9,3,75899
3,10,50545
10,3,50545
3,14,79202
14,3,79202
3,15,82092
15,3,82092
3,17,61011
17,3,61011
3,22,53118
22,3,53118
3,24,105053
24,3,105053
3,26,92224
26,3,92224
3,27,104386
27,3,104386
3,29,104417
29,3,104417
3,30,99648
30,3,99648
3,31,94580
31,3,94580
3,34,102308
34,3,102308
3,36,93791
36,3,93791
3,39,85540
39,3,85540
3,38,285490
38,3,285490
3,41,344264
41,3,344264
3,45,338391
45,3,338391
3,47,309290
47,3,309290
3,48,383025
48,3,383025
3,52,352594
52,3,352594
3,54,285121
54,3,285121
3,55,403820
55,3,403820
3,57,349982
57,3,349982
3,60,310648
60,3,310648
3,63,371290
63,3,371290
3,64,397395
64,3,397395
3,65,318158
65,3,318158
3,66,247662
66,3,247662
3,69,354841
69,3,354841
3,71,292366
71,3,292366
3,73,406300
73,3,406300
3,74,377731
74,3,377731
3,76,281675
76,3,281675
3,78,382912
78,3,382912
3,79,390258
79,3,390258
3,2,370928
2,3,370928
3,4,436376
4,3,436376
3,5,445861
5,3,445861
3,6,421708
6,3,421708
3,7,378428
7,3,378428
3,8,382524
8,3,382524
3,11,451511
11,3,451511
3,12,368564
12,3,368564
3,13,350408
13,3,350408
3,16,305091
16,3,305091
3,18,481333
18,3,481333
3,19,413593
19,3,413593
3,20,487834
20,3,487834
3,21,503096
21,3,503096
3,23,511041
23,3,511041
3,25,452589
25,3,452589
3,28,472526
28,3,472526
3,32,378393
32,3,378393
3,33,338469
33,3,338469
3,35,452840
35,3,452840
3,37,428618
37,3,428618
3,40,489478
40,3,489478
3,42,464178
42,3,464178
3,43,507062
43,3,507062
3,44,472566
44,3,472566
3,46,463859
46,3,463859
3,49,513223
49,3,513223
3,50,515064
50,3,515064
3,51,477319
51,3,477319
3,53,445892
53,3,445892
3,56,486125
56,3,486125
3,58,496101
58,3,496101
3,59,497092
59,3,497092
3,61,508371
61,3,508371
3,62,385814
62,3,385814
3,67,507582
67,3,507582
3,68,475832
68,3,475832
3,70,448586
70,3,448586
3,72,456136
72,3,456136
3,75,499757
75,3,499757
3,77,509893
77,3,509893
9,10,67799
10,9,67799
9,14,67660
14,9,67660
9,15,56876
15,9,56876
9,17,29082
17,9,29082
9,22,45317
22,9,45317
9,24,89959
24,9,89959
9,26,65909
26,9,65909
9,27,94842
27,9,94842
9,29,86108
29,9,86108
9,30,94270
30,9,94270
9,31,75125
31,9,75125
9,34,94563
34,9,94563
9,36,71046
36,9,71046
9,39,68918
39,9,68918
9,38,251077
38,9,251077
9,41,286099
41,9,286099
9,45,299206
45,9,299206
9,47,294815
47,9,294815
9,48,333074
48,9,333074
9,52,303467
52,9,303467
9,54,227168
54,9,227168
9,55,349609
55,9,349609
9,57,298857
57,9,298857
9,60,244808
60,9,244808
9,63,311995
63,9,311995
9,64,348999
64,9,348999
9,65,271945
65,9,271945
9,66,271730
66,9,271730
9,69,304711
69,9,304711
9,71,245835
71,9,245835
9,73,351604
73,9,351604
9,74,333440
74,9,333440
9,76,247591
76,9,247591
9,78,324554
78,9,324554
9,79,341879
79,9,341879
9,2,349934
2,9,349934
9,4,412417
4,9,412417
9,5,413777
5,9,413777
9,6,412597
6,9,412597
9,7,330363
7,9,330363
9,8,355486
8,9,355486
9,11,439862
11,9,439862
9,12,348890
12,9,348890
9,13,308835
13,9,308835
9,16,290976
16,9,290976
9,18,462092
18,9,462092
9,19,395940
19,9,395940
9,20,479452
20,9,479452
9,21,482455
21,9,482455
9,23,488945
23,9,488945
9,25,416955
25,9,416955
9,28,464200
28,9,464200
9,32,383516
32,9,383516
9,33,311004
33,9,311004
9,35,407183
35,9,407183
9,37,400859
37,9,400859
9,40,437461
40,9,437461
9,42,418145
42,9,418145
9,43,448141
43,9,448141
9,44,434344
44,9,434344
9,46,428773
46,9,428773
9,49,447468
49,9,447468
9,50,425770
50,9,425770
9,51,351266
51,9,351266
9,53,414416
53,9,414416
9,56,430365
56,9,430365
9,58,428112
58,9,428112
9,59,423939
59,9,423939
9,61,445805
61,9,445805
9,62,346324
62,9,346324
9,67,452543
67,9,452543
9,68,409076
68,9,409076
9,70,410193
70,9,410193
9,72,423426
72,9,423426
9,75,428217
75,9,428217
9,77,440956
77,9,440956
10,14,78049
14,10,78049
10,15,67746
15,10,67746
10,17,31484
17,10,31484
10,22,22707
22,10,22707
10,24,104859
24,10,104859
10,26,86632
26,10,86632
10,27,112113
27,10,112113
10,29,103157
29,10,103157
10,30,114096
30,10,114096
10,31,86125
31,10,86125
10,34,113399
34,10,113399
10,36,87847
36,10,87847
10,39,84411
39,10,84411
10,38,290610
38,10,290610
10,41,344380
41,10,344380
10,45,336693
45,10,336693
10,47,308921
47,10,308921
10,48,392136
48,10,392136
10,52,367544
52,10,367544
10,54,290227
54,10,290227
10,55,413892
55,10,413892
10,57,347574
57,10,347574
10,60,314812
60,10,314812
10,63,371034
63,10,371034
10,64,408507
64,10,408507
10,65,328524
65,10,328524
10,66,243167
66,10,243167
10,69,352707
69,10,352707
10,71,308082
71,10,308082
10,73,418829
73,10,418829
10,74,387371
74,10,387371
10,76,289611
76,10,289611
10,78,382416
78,10,382416
10,79,410898
79,10,410898
10,2,394024
2,10,394024
10,4,451564
4,10,451564
10,5,442574
5,10,442574
10,6,434413
6,10,434413
10,7,383304
7,10,383304
10,8,410236
8,10,410236
10,11,461988
11,10,461988
10,12,387556
12,10,387556
10,13,367346
13,10,367346
10,16,330405
16,10,330405
10,18,483216
18,10,483216
10,19,426011
19,10,426011
10,20,490341
20,10,490341
10,21,514973
21,10,514973
10,23,520849
23,10,520849
10,25,460387
25,10,460387
10,28,481750
28,10,481750
10,32,404282
32,10,404282
10,33,360357
33,10,360357
10,35,452267
35,10,452267
10,37,455740
37,10,455740
10,40,483609
40,10,483609
10,42,481332
42,10,481332
10,43,491295
43,10,491295
10,44,466558
44,10,466558
10,46,482573
46,10,482573
10,49,508640
49,10,508640
10,50,488243
50,10,488243
10,51,418788
51,10,418788
10,53,454977
53,10,454977
10,56,483812
56,10,483812
10,58,493208
58,10,493208
10,59,494161
59,10,494161
10,61,486979
61,10,486979
10,62,390306
62,10,390306
10,67,504490
67,10,504490
10,68,465194
68,10,465194
10,70,473410
70,10,473410
10,72,469025
72,10,469025
10,75,487085
75,10,487085
10,77,498909
77,10,498909
14,15,8537
15,14,8537
14,17,56209
17,14,56209
14,22,42998
22,14,42998
14,24,25464
24,14,25464
14,26,15953
26,14,15953
14,27,30215
27,14,30215
14,29,20033
29,14,20033
14,30,30126
30,14,30126
14,31,11480
31,14,11480
14,34,30212
34,14,30212
14,36,11997
36,14,11997
14,39,15386
39,14,15386
14,38,210377
38,14,210377
14,41,296381
41,14,296381
14,45,312080
45,14,312080
14,47,234906
47,14,234906
14,48,358054
48,14,358054
14,52,325618
52,14,325618
14,54,204290
54,14,204290
14,55,365354
55,14,365354
14,57,308724
57,14,308724
14,60,257411
60,14,257411
14,63,326606
63,14,326606
14,64,369582
64,14,369582
14,65,289415
65,14,289415
14,66,174269
66,14,174269
14,69,312407
69,14,312407
14,71,255058
71,14,255058
14,73,366568
73,14,366568
14,74,344164
74,14,344164
14,76,203354
76,14,203354
14,78,343733
78,14,343733
14,79,354741
79,14,354741
14,2,358440
2,14,358440
14,4,414299
4,14,414299
14,5,405776
5,14,405776
14,6,396384
6,14,396384
14,7,344657
7,14,344657
14,8,373653
8,14,373653
14,11,439017
11,14,439017
14,12,360494
12,14,360494
14,13,330344
13,14,330344
14,16,299316
16,14,299316
14,18,445906
18,14,445906
14,19,388840
19,14,388840
14,20,461279
20,14,461279
14,21,477353
21,14,477353
14,23,483045
23,14,483045
14,25,435877
25,14,435877
14,28,434401
28,14,434401
14,32,360021
32,14,360021
14,33,320439
33,14,320439
14,35,496789
35,14,496789
14,37,482066
37,14,482066
14,40,488030
40,14,488030
14,42,515652
42,14,515652
14,43,540099
43,14,540099
14,44,457302
44,14,457302
14,46,499881
46,14,499881
14,49,500967
49,14,500967
14,50,519842
50,14,519842
14,51,457370
51,14,457370
14,53,458018
53,14,458018
14,56,481201
56,14,481201
14,58,459135
58,14,459135
14,59,469267
59,14,469267
14,61,466805
61,14,466805
14,62,427424
62,14,427424
14,67,466091
67,14,466091
14,68,469393
68,14,469393
14,70,501818
70,14,501818
14,72,493991
72,14,493991
14,75,469067
75,14,469067
14,77,465409
77,14,465409
15,17,42266
17,15,42266
15,22,35722
22,15,35722
15,24,31546
24,15,31546
15,26,15251
26,15,15251
15,27,35764
27,15,35764
15,29,23820
29,15,23820
15,30,34320
30,15,34320
15,31,12243
31,15,12243
15,34,33363
34,15,33363
15,36,13937
36,15,13937
15,39,17285
39,15,17285
15,38,208365
38,15,208365
15,41,292493
41,15,292493
15,45,308960
45,15,308960
15,47,230327
47,15,230327
15,48,348748
48,15,348748
15,52,319790
52,15,319790
15,54,201146
54,15,201146
15,55,359407
55,15,359407
15,57,302706
57,15,302706
15,60,254126
60,15,254126
15,63,319599
63,15,319599
15,64,360051
64,15,360051
15,65,282751
65,15,282751
15,66,170163
66,15,170163
15,69,305124
69,15,305124
15,71,244329
71,15,244329
15,73,361161
73,15,361161
15,74,336206
74,15,336206
15,76,199640
76,15,199640
15,78,338212
78,15,338212
15,79,352286
79,15,352286
15,2,353540
2,15,353540
15,4,409738
4,15,409738
15,5,400781
5,15,400781
15,6,393347
6,15,393347
15,7,339249
7,15,339249
15,8,366332
8,15,366332
15,11,435743
11,15,435743
15,12,354363
12,15,354363
15,13,324612
13,15,324612
15,16,286209
16,15,286209
15,18,443145
18,15,443145
15,19,383806
19,15,383806
15,20,457887
20,15,457887
15,21,472218
21,15,472218
15,23,479287
23,15,479287
15,25,434001
25,15,434001
15,28,431337
28,15,431337
15,32,354739
32,15,354739
15,33,313928
33,15,313928
15,35,480923
35,15,480923
15,37,465769
37,15,465769
15,40,471454
40,15,471454
15,42,498115
42,15,498115
15,43,522805
43,15,522805
15,44,461938
44,15,461938
15,46,480122
46,15,480122
15,49,486836
49,15,486836
15,50,502499
50,15,502499
15,51,438663
51,15,438663
15,53,438834
53,15,438834
15,56,464667
56,15,464667
15,58,464527
58,15,464527
15,59,470813
59,15,470813
15,61,467910
61,15,467910
15,62,410010
62,15,410010
15,67,469146
67,15,469146
15,68,449434
68,15,449434
15,70,487538
70,15,487538
15,72,475288
72,15,475288
15,75,459033
75,15,459033
15,77,467975
77,15,467975
17,22,19868
22,17,19868
17,24,80837
24,17,80837
17,26,55445
26,17,55445
17,27,85551
27,17,85551
17,29,76324
29,17,76324
17,30,86686
30,17,86686
17,31,59269
31,17,59269
17,34,83972
34,17,83972
17,36,62252
36,17,62252
17,39,59247
39,17,59247
17,38,244801
38,17,244801
17,41,303789
41,17,303789
17,45,314816
45,17,314816
17,47,267453
47,17,267453
17,48,348506
48,17,348506
17,52,312382
52,17,312382
17,54,236061
54,17,236061
17,55,359882
55,17,359882
17,57,311999
57,17,311999
17,60,273729
60,17,273729
17,63,328189
63,17,328189
17,64,360027
64,17,360027
17,65,272519
65,17,272519
17,66,201180
66,17,201180
17,69,315960
69,17,315960
17,71,253426
71,17,253426
17,73,364787
73,17,364787
17,74,340383
74,17,340383
17,76,237022
76,17,237022
17,78,344413
78,17,344413
17,79,349729
79,17,349729
17,2,350083
2,17,350083
17,4,413441
4,17,413441
17,5,428992
5,17,428992
17,6,416615
6,17,416615
17,7,375429
7,17,375429
17,8,362158
8,17,362158
17,11,457069
11,17,457069
17,12,349997
12,17,349997
17,13,332567
13,17,332567
17,16,286999
16,17,286999
17,18,475458
18,17,475458
17,19,381988
19,17,381988
17,20,465624
20,17,465624
17,21,494069
21,17,494069
17,23,505652
23,17,505652
17,25,444420
25,17,444420
17,28,453491
28,17,453491
17,32,374599
32,17,374599
17,33,312388
33,17,312388
17,35,436882
35,17,436882
17,37,419903
37,17,419903
17,40,455042
40,17,455042
17,42,447311
42,17,447311
17,43,478358
43,17,478358
17,44,440297
44,17,440297
17,46,436149
46,17,436149
17,49,476520
49,17,476520
17,50,465917
50,17,465917
17,51,412746
51,17,412746
17,53,415345
53,17,415345
17,56,452885
56,17,452885
17,58,451373
58,17,451373
17,59,442535
59,17,442535
17,61,452836
61,17,452836
17,62,367756
62,17,367756
17,67,460531
67,17,460531
17,68,432372
68,17,432372
17,70,439880
70,17,439880
17,72,430123
72,17,430123
17,75,455490
75,17,455490
17,77,470041
77,17,470041
22,24,70899
24,22,70899
22,26,52660
26,22,52660
22,27,76565
27,22,76565
22,29,67438
29,22,67438
22,30,78362
30,22,78362
22,31,48254
31,22,48254
22,34,77323
34,22,77323
22,36,55134
36,22,55134
22,39,53441
39,22,53441
22,38,266985
38,22,266985
22,41,330399
41,22,330399
22,45,342305
45,22,342305
22,47,282391
47,22,282391
22,48,383105
48,22,383105
22,52,352346
52,22,352346
22,54,255849
54,22,255849
22,55,392571
55,22,392571
22,57,337272
57,22,337272
22,60,294055
60,22,294055
22,63,356436
63,22,356436
22,64,399947
64,22,399947
22,65,313802
65,22,313802
22,66,218120
66,22,218120
22,69,340126
69,22,340126
22,71,299649
71,22,299649
22,73,394510
73,22,394510
22,74,382565
74,22,382565
22,76,256252
76,22,256252
22,78,370835
78,22,370835
22,79,399093
79,22,399093
22,2,378942
2,22,378942
22,4,439074
4,22,439074
22,5,443136
5,22,443136
22,6,431893
6,22,431893
22,7,377531
7,22,377531
22,8,394605
8,22,394605
22,11,460014
11,22,460014
22,12,380698
12,22,380698
22,13,346592
13,22,346592
22,16,311280
16,22,311280
22,18,474681
18,22,474681
22,19,412757
19,22,412757
22,20,494234
20,22,494234
22,21,508424
21,22,508424
22,23,513359
23,22,513359
22,25,464898
25,22,464898
22,28,466951
28,22,466951
22,32,382707
32,22,382707
22,33,339359
33,22,339359
22,35,459103
35,22,459103
22,37,458681
37,22,458681
22,40,467652
40,22,467652
22,42,478609
42,22,478609
22,43,497348
43,22,497348
22,44,451978
44,22,451978
22,46,469788
46,22,469788
22,49,491382
49,22,491382
22,50,486854
50,22,486854
22,51,409530
51,22,409530
22,53,465372
53,22,465372
22,56,469310
56,22,469310
22,58,469645
58,22,469645
22,59,468557
59,22,468557
22,61,494920
61,22,494920
22,62,393045
62,22,393045
22,67,491887
67,22,491887
22,68,453220
68,22,453220
22,70,462864
70,22,462864
22,72,463613
72,22,463613
22,75,477040
75,22,477040
22,77,489045
77,22,489045
24,26,18639
26,24,18639
24,27,7113
27,24,7113
24,29,11182
29,24,11182
24,30,11362
30,24,11362
24,31,17220
31,24,17220
24,34,9751
34,24,9751
24,36,17789
36,24,17789
24,39,22136
39,24,22136
24,38,201377
38,24,201377
24,41,283859
41,24,283859
24,45,284540
45,24,284540
24,47,217080
47,24,217080
24,48,330677
48,24,330677
24,52,288896
52,24,288896
24,54,195494
54,24,195494
24,55,340917
55,24,340917
24,57,285037
57,24,285037
24,60,241330
60,24,241330
24,63,307159
63,24,307159
24,64,341086
64,24,341086
24,65,248724
65,24,248724
24,66,148393
66,24,148393
24,69,295661
69,24,295661
24,71,227690
71,24,227690
24,73,343124
73,24,343124
24,74,317348
74,24,317348
24,76,197909
76,24,197909
24,78,316751
78,24,316751
24,79,328966
79,24,328966
24,2,340148
2,24,340148
24,4,392545
4,24,392545
24,5,390489
5,24,390489
24,6,376443
6,24,376443
24,7,324474
7,24,324474
24,8,354593
8,24,354593
24,11,410670
11,24,410670
24,12,343013
12,24,343013
24,13,304595
13,24,304595
24,16,270686
16,24,270686
24,18,431843
18,24,431843
24,19,365731
19,24,365731
24,20,435140
20,24,435140
24,21,459458
21,24,459458
24,23,464842
23,24,464842
24,25,399992
25,24,399992
24,28,410897
28,24,410897
24,32,344006
32,24,344006
24,33,304913
33,24,304913
24,35,511575
35,24,511575
24,37,494372
37,24,494372
24,40,482946
40,24,482946
24,42,530306
42,24,530306
24,43,548462
43,24,548462
24,44,459274
44,24,459274
24,46,528381
46,24,528381
24,49,496764
49,24,496764
24,50,509700
50,24,509700
24,51,438193
51,24,438193
24,53,468087
53,24,468087
24,56,489880
56,24,489880
24,58,447808
58,24,447808
24,59,495297
59,24,495297
24,61,460977
61,24,460977
24,62,442558
62,24,442558
24,67,453521
67,24,453521
24,68,473358
68,24,473358
24,70,515565
70,24,515565
24,72,515929
72,24,515929
24,75,473613
75,24,473613
24,77,481856
77,24,481856
26,27,21743
27,26,21743
26,29,12771
29,26,12771
26,30,24143
30,26,24143
26,31,10744
31,26,10744
26,34,22225
34,26,22225
26,36,11204
36,26,11204
26,39,11571
39,26,11571
26,38,198763
38,26,198763
26,41,278273
41,26,278273
26,45,285265
45,26,285265
26,47,219344
47,26,219344
26,48,325056
48,26,325056
26,52,296462
52,26,296462
26,54,187325
54,26,187325
26,55,341385
55,26,341385
26,57,284839
57,26,284839
26,60,232297
60,26,232297
26,63,302252
63,26,302252
26,64,340789
64,26,340789
26,65,248496
65,26,248496
26,66,152772
66,26,152772
26,69,288063
69,26,288063
26,71,232906
71,26,232906
26,73,346523
73,26,346523
26,74,318876
74,26,318876
26,76,192700
76,26,192700
26,78,320602
78,26,320602
26,79,332555
79,26,332555
26,2,335756
2,26,335756
26,4,388713
4,26,388713
26,5,380894
5,26,380894
26,6,377201
6,26,377201
26,7,321567
7,26,321567
26,8,347630
8,26,347630
26,11,416304
11,26,416304
26,12,339169
12,26,339169
26,13,296432
13,26,296432
26,16,265508
16,26,265508
26,18,424565
18,26,424565
26,19,365220
19,26,365220
26,20,438514
20,26,438514
26,21,454205
21,26,454205
26,23,461809
23,26,461809
26,25,411899
25,26,411899
26,28,410324
28,26,410324
26,32,346133
32,26,346133
26,33,297997
33,26,297997
26,35,491652
35,26,491652
26,37,475540
37,26,475540
26,40,469228
40,26,469228
26,42,510139
42,26,510139
26,43,539525
43,26,539525
26,44,442537
44,26,442537
26,46,496268
46,26,496268
26,49,464371
49,26,464371
26,50,506776
50,26,506776
26,51,448374
51,26,448374
26,53,449982
53,26,449982
26,56,469857
56,26,469857
26,58,440292
58,26,440292
26,59,473465
59,26,473465
26,61,451251
61,26,451251
26,62,421899
62,26,421899
26,67,447138
67,26,447138
26,68,458246
68,26,458246
26,70,497374
70,26,497374
26,72,490927
72,26,490927
26,75,441026
75,26,441026
26,77,449981
77,26,449981
27,29,7788
29,27,7788
27,30,6179
30,27,6179
27,31,20505
31,27,20505
27,34,5084
34,27,5084
27,36,20826
36,27,20826
27,39,21782
39,27,21782
27,38,199930
38,27,199930
27,41,283116
41,27,283116
27,45,287967
45,27,287967
27,47,216124
47,27,216124
27,48,325614
48,27,325614
27,52,302302
52,27,302302
27,54,190572
54,27,190572
27,55,343011
55,27,343011
27,57,289050
57,27,289050
27,60,244760
60,27,244760
27,63,307017
63,27,307017
27,64,340530
64,27,340530
27,65,261566
65,27,261566
27,66,146747
66,27,146747
27,69,289284
69,27,289284
27,71,241177
71,27,241177
27,73,345261
73,27,345261
27,74,320367
74,27,320367
27,76,194149
76,27,194149
27,78,318716
78,27,318716
27,79,330149
79,27,330149
27,2,341418
2,27,341418
27,4,394102
4,27,394102
27,5,382236
5,27,382236
27,6,377204
6,27,377204
27,7,325696
7,27,325696
27,8,354841
8,27,354841
27,11,419262
11,27,419262
27,12,343393
12,27,343393
27,13,305457
13,27,305457
27,16,284291
16,27,284291
27,18,434456
18,27,434456
27,19,367762
19,27,367762
27,20,460417
20,27,460417
27,21,461767
21,27,461767
27,23,466875
23,27,466875
27,25,419286
25,27,419286
27,28,412976
28,27,412976
27,32,346688
32,27,346688
27,33,301759
33,27,301759
27,35,517744
35,27,517744
27,37,501254
37,27,501254
27,40,493482
40,27,493482
27,42,537957
42,27,537957
27,43,567137
43,27,567137
27,44,461788
44,27,461788
27,46,530468
46,27,530468
27,49,499420
49,27,499420
27,50,532311
50,27,532311
27,51,468882
51,27,468882
27,53,474512
53,27,474512
27,56,488923
56,27,488923
27,58,449835
58,27,449835
27,59,496262
59,27,496262
27,61,465963
61,27,465963
27,62,448349
62,27,448349
27,67,455813
67,27,455813
27,68,475396
68,27,475396
27,70,521256
70,27,521256
27,72,525181
72,27,525181
27,75,477568
75,27,477568
27,77,479462
77,27,479462
29,30,10858
30,29,10858
29,31,13968
31,29,13968
29,34,8678
34,29,8678
29,36,11786
36,29,11786
29,39,15668
39,29,15668
29,38,205056
38,29,205056
29,41,284890
41,29,284890
29,45,290315
45,29,290315
29,47,218044
47,29,218044
29,48,330131
48,29,330131
29,52,301868
52,29,301868
29,54,189750
54,29,189750
29,55,344179
55,29,344179
29,57,289885
57,29,289885
29,60,239968
60,29,239968
29,63,307984
63,29,307984
29,64,347995
64,29,347995
29,65,254168
65,29,254168
29,66,151069
66,29,151069
29,69,291078
69,29,291078
29,71,239914
71,29,239914
29,73,345739
73,29,345739
29,74,322496
74,29,322496
29,76,195206
76,29,195206
29,78,322113
78,29,322113
29,79,335856
79,29,335856
29,2,341710
2,29,341710
29,4,394997
4,29,394997
29,5,386331
5,29,386331
29,6,381112
6,29,381112
29,7,326900
7,29,326900
29,8,355848
8,29,355848
29,11,423630
11,29,423630
29,12,343510
12,29,343510
29,13,313049
13,29,313049
29,16,270849
16,29,270849
29,18,429098
18,29,429098
29,19,370112
19,29,370112
29,20,444265
20,29,444265
29,21,459946
21,29,459946
29,23,466128
23,29,466128
29,25,423267
25,29,423267
29,28,417324
28,29,417324
29,32,351175
32,29,351175
29,33,302296
33,29,302296
29,35,509464
35,29,509464
29,37,497077
37,29,497077
29,40,482213
40,29,482213
29,42,529792
42,29,529792
29,43,558626
43,29,558626
29,44,457265
44,29,457265
29,46,518024
46,29,518024
29,49,493188
49,29,493188
29,50,525769
50,29,525769
29,51,466058
51,29,466058
29,53,467680
53,29,467680
29,56,481839
56,29,481839
29,58,447201
58,29,447201
29,59,495968
59,29,495968
29,61,462182
61,29,462182
29,62,440259
62,29,440259
29,67,451569
67,29,451569
29,68,471640
68,29,471640
29,70,513341
70,29,513341
29,72,513001
72,29,513001
29,75,463365
75,29,463365
29,77,455244
77,29,455244
30,31,23227
31,30,23227
30,34,3675
34,30,3675
30,36,24640
36,30,24640
30,39,21054
39,30,21054
30,38,199185
38,30,199185
30,41,279618
41,30,279618
30,45,282804
45,30,282804
30,47,214523
47,30,214523
30,48,322149
48,30,322149
30,52,299641
52,30,299641
30,54,189774
54,30,189774
30,55,340729
55,30,340729
30,57,286443
57,30,286443
30,60,244068
60,30,244068
30,63,306029
63,30,306029
30,64,342320
64,30,342320
30,65,259718
65,30,259718
30,66,147822
66,30,147822
30,69,287461
69,30,287461
30,71,238264
71,30,238264
30,73,342325
73,30,342325
30,74,317422
74,30,317422
30,76,193567
76,30,193567
30,78,315760
78,30,315760
30,79,343227
79,30,343227
30,2,338454
2,30,338454
30,4,391244
4,30,391244
30,5,380224
5,30,380224
30,6,374184
6,30,374184
30,7,322787
7,30,322787
30,8,352308
8,30,352308
30,11,416654
11,30,416654
30,12,339839
12,30,339839
30,13,302099
13,30,302099
30,16,280282
16,30,280282
30,18,425039
18,30,425039
30,19,365627
19,30,365627
30,20,458474
20,30,458474
30,21,459261
21,30,459261
30,23,464300
23,30,464300
30,25,399057
25,30,399057
30,28,410422
28,30,410422
30,32,343811
32,30,343811
30,33,298417
33,30,298417
30,35,522516
35,30,522516
30,37,492308
37,30,492308
30,40,495426
40,30,495426
30,42,538345
42,30,538345
30,43,559784
43,30,559784
30,44,460640
44,30,460640
30,46,533349
46,30,533349
30,49,501370
49,30,501370
30,50,525483
50,30,525483
30,51,471039
51,30,471039
30,53,476212
53,30,476212
30,56,492035
56,30,492035
30,58,451466
58,30,451466
30,59,492847
59,30,492847
30,61,465042
61,30,465042
30,62,450202
62,30,450202
30,67,474429
67,30,474429
30,68,475098
68,30,475098
30,70,526319
70,30,526319
30,72,518559
72,30,518559
30,75,479431
75,30,479431
30,77,481807
77,30,481807
31,34,21183
34,31,21183
31,36,12832
36,31,12832
31,39,17589
39,31,17589
31,38,213574
38,31,213574
31,41,307522
41,31,307522
31,45,309670
45,31,309670
31,47,227724
47,31,227724
31,48,356105
48,31,356105
31,52,324236
52,31,324236
31,54,198729
54,31,198729
31,55,365207
55,31,365207
31,57,309663
57,31,309663
31,60,268150
60,31,268150
31,63,329568
63,31,329568
31,64,369776
64,31,369776
31,65,285011
65,31,285011
31,66,167903
66,31,167903
31,69,312029
69,31,312029
31,71,262608
71,31,262608
31,73,369771
73,31,369771
31,74,343115
74,31,343115
31,76,201339
76,31,201339
31,78,344697
78,31,344697
31,79,356694
79,31,356694
31,2,359381
2,31,359381
31,4,417681
4,31,417681
31,5,408984
5,31,408984
31,6,398290
6,31,398290
31,7,345730
7,31,345730
31,8,373161
8,31,373161
31,11,441835
11,31,441835
31,12,361890
12,31,361890
31,13,330869
13,31,330869
31,16,299692
16,31,299692
31,18,462000
18,31,462000
31,19,389379
19,31,389379
31,20,483092
20,31,483092
31,21,484239
21,31,484239
31,23,490598
23,31,490598
31,25,425819
25,31,425819
31,28,438559
28,31,438559
31,32,371318
32,31,371318
31,33,319847
33,31,319847
31,35,506734
35,31,506734
31,37,491592
37,31,491592
31,40,486212
40,31,486212
31,42,523078
42,31,523078
31,43,555563
43,31,555563
31,44,476879
44,31,476879
31,46,510709
46,31,510709
31,49,494544
49,31,494544
31,50,524378
50,31,524378
31,51,459639
51,31,459639
31,53,455340
53,31,455340
31,56,480180
56,31,480180
31,58,469361
58,31,469361
31,59,488738
59,31,488738
31,61,490221
61,31,490221
31,62,433292
62,31,433292
31,67,476370
67,31,476370
31,68,469429
68,31,469429
31,70,512269
70,31,512269
31,72,507873
72,31,507873
31,75,471676
75,31,471676
31,77,478076
77,31,478076
34,36,22009
36,34,22009
34,39,20277
39,34,20277
34,38,199091
38,34,199091
34,41,282108
41,34,282108
34,45,284409
45,34,284409
34,47,215313
47,34,215313
34,48,323871
48,34,323871
34,52,298503
52,34,298503
34,54,188971
54,34,188971
34,55,341903
55,34,341903
34,57,288119
57,34,288119
34,60,245335
60,34,245335
34,63,304973
63,34,304973
34,64,343881
64,34,343881
34,65,260204
65,34,260204
34,66,147215
66,34,147215
34,69,287935
69,34,287935
34,71,239127
71,34,239127
34,73,343627
73,34,343627
34,74,318920
74,34,318920
34,76,192980
76,34,192980
34,78,317512
78,34,317512
34,79,344866
79,34,344866
34,2,338799
2,34,338799
34,4,392319
4,34,392319
34,5,381043
5,34,381043
34,6,374869
6,34,374869
34,7,323499
7,34,323499
34,8,352807
8,34,352807
34,11,417506
11,34,417506
34,12,340595
12,34,340595
34,13,302815
13,34,302815
34,16,281062
16,34,281062
34,18,426183
18,34,426183
34,19,366441
19,34,366441
34,20,459311
20,34,459311
34,21,460231
21,34,460231
34,23,465210
23,34,465210
34,25,417165
25,34,417165
34,28,411364
28,34,411364
34,32,344925
32,34,344925
34,33,299105
33,34,299105
34,35,520400
35,34,520400
34,37,496242
37,34,496242
34,40,494380
40,34,494380
34,42,537277
42,34,537277
34,43,568452
43,34,568452
34,44,461718
44,34,461718
34,46,531030
46,34,531030
34,49,500122
49,34,500122
34,50,527203
50,34,527203
34,51,469168
51,34,469168
34,53,475727
53,34,475727
34,56,489925
56,34,489925
34,58,451261
58,34,451261
34,59,494608
59,34,494608
34,61,466652
61,34,466652
34,62,449787
62,34,449787
34,67,474019
67,34,474019
34,68,475433
68,34,475433
34,70,524092
70,34,524092
34,72,520071
72,34,520071
34,75,478293
75,34,478293
34,77,480719
77,34,480719
36,39,11744
39,36,11744
36,38,224809
38,36,224809
36,41,293330
41,36,293330
36,45,295419
45,36,295419
36,47,222034
47,36,222034
36,48,337230
48,36,337230
36,52,306908
52,36,306908
36,54,190230
54,36,190230
36,55,358501
55,36,358501
36,57,298027
57,36,298027
36,60,248111
60,36,248111
36,63,314241
63,36,314241
36,64,351552
64,36,351552
36,65,258340
65,36,258340
36,66,156600
66,36,156600
36,69,299855
69,36,299855
36,71,246648
71,36,246648
36,73,358858
73,36,358858
36,74,336488
74,36,336488
36,76,195993
76,36,195993
36,78,333837
78,36,333837
36,79,350158
79,36,350158
36,2,345634
2,36,345634
36,4,396845
4,36,396845
36,5,392069
5,36,392069
36,6,383881
6,36,383881
36,7,331061
7,36,331061
36,8,355754
8,36,355754
36,11,423054
11,36,423054
36,12,350242
12,36,350242
36,13,308785
13,36,308785
36,16,276037
16,36,276037
36,18,433876
18,36,433876
36,19,375129
19,36,375129
36,20,448816
20,36,448816
36,21,463127
21,36,463127
36,23,470354
23,36,470354
36,25,419992
25,36,419992
36,28,420732
28,36,420732
36,32,354338
32,36,354338
36,33,306948
33,36,306948
36,35,490065
35,36,490065
36,37,477904
37,36,477904
36,40,471375
40,36,471375
36,42,510081
42,36,510081
36,43,540048
43,36,540048
36,44,446733
44,36,446733
36,46,498223
46,36,498223
36,49,464027
49,36,464027
36,50,506537
50,36,506537
36,51,455600
51,36,455600
36,53,450816
53,36,450816
36,56,472472
56,36,472472
36,58,441766
58,36,441766
36,59,477627
59,36,477627
36,61,455066
61,36,455066
36,62,421154
62,36,421154
36,67,451963
67,36,451963
36,68,461164
68,36,461164
36,70,494378
70,36,494378
36,72,493543
72,36,493543
36,75,442213
75,36,442213
36,77,454579
77,36,454579
39,38,226527
38,39,226527
39,41,291269
41,39,291269
39,45,306064
45,39,306064
39,47,225844
47,39,225844
39,48,337330
48,39,337330
39,52,301786
52,39,301786
39,54,194898
54,39,194898
39,55,354190
55,39,354190
39,57,298247
57,39,298247
39,60,245269
60,39,245269
39,63,314005
63,39,314005
39,64,354491
64,39,354491
39,65,263143
65,39,263143
39,66,163884
66,39,163884
39,69,300004
69,39,300004
39,71,245853
71,39,245853
39,73,355257
73,39,355257
39,74,331088
74,39,331088
39,76,199076
76,39,199076
39,78,332562
78,39,332562
39,79,346597
79,39,346597
39,2,349430
2,39,349430
39,4,402245
4,39,402245
39,5,394776
5,39,394776
39,6,391945
6,39,391945
39,7,334922
7,39,334922
39,8,362347
8,39,362347
39,11,430353
11,39,430353
39,12,349995
12,39,349995
39,13,315983
13,39,315983
39,16,278593
16,39,278593
39,18,437869
18,39,437869
39,19,379882
19,39,379882
39,20,452364
20,39,452364
39,21,467988
21,39,467988
39,23,475199
23,39,475199
39,25,410407
25,39,410407
39,28,425150
28,39,425150
39,32,351753
32,39,351753
39,33,311824
33,39,311824
39,35,498320
35,39,498320
39,37,482931
37,39,482931
39,40,483686
40,39,483686
39,42,514601
42,39,514601
39,43,544652
43,39,544652
39,44,451249
44,39,451249
39,46,497703
46,39,497703
39,49,475914
49,39,475914
39,50,512388
50,39,512388
39,51,471560
51,39,471560
39,53,458103
53,39,458103
39,56,487865
56,39,487865
39,58,453379
58,39,453379
39,59,483956
59,39,483956
39,61,463714
61,39,463714
39,62,426951
62,39,426951
39,67,458197
67,39,458197
39,68,466494
68,39,466494
39,70,505082
70,39,505082
39,72,492321
72,39,492321
39,75,457359
75,39,457359
39,77,460578
77,39,460578
38,41,69751
41,38,69751
38,45,87511
45,38,87511
38,47,36416
47,38,36416
38,48,104912
48,38,104912
38,52,94053
52,38,94053
38,54,21672
54,38,21672
38,55,115396
55,38,115396
38,57,91726
57,38,91726
38,60,47335
60,38,47335
38,63,78056
63,38,78056
38,64,118363
64,38,118363
38,65,76581
65,38,76581
38,66,52903
66,38,52903
38,69,87079
69,38,87079
38,71,63401
71,38,63401
38,73,115660
73,38,115660
38,74,111074
74,38,111074
38,76,23662
76,38,23662
38,78,109796
78,38,109796
38,79,117208
79,38,117208
38,2,99961
2,38,99961
38,4,130158
4,38,130158
38,5,178347
5,38,178347
38,6,114443
6,38,114443
38,7,125929
7,38,125929
38,8,82178
8,38,82178
38,11,142863
11,38,142863
38,12,99642
12,38,99642
38,13,140017
13,38,140017
38,16,60450
16,38,60450
38,18,199295
18,38,199295
38,19,149159
19,38,149159
38,20,193494
20,38,193494
38,21,182856
21,38,182856
38,23,190550
23,38,190550
38,25,133798
25,38,133798
38,28,179828
28,38,179828
38,32,133406
32,38,133406
38,33,66162
33,38,66162
38,35,375310
35,38,375310
38,37,332901
37,38,332901
38,40,394443
40,38,394443
38,42,423194
42,38,423194
38,43,427405
43,38,427405
38,44,394885
44,38,394885
38,46,356204
46,38,356204
38,49,409888
49,38,409888
38,50,382379
50,38,382379
38,51,340301
51,38,340301
38,53,411222
53,38,411222
38,56,388282
56,38,388282
38,58,359635
58,38,359635
38,59,375857
59,38,375857
38,61,401180
61,38,401180
38,62,352875
62,38,352875
38,67,385456
67,38,385456
38,68,380178
68,38,380178
38,70,333406
70,38,333406
38,72,346584
72,38,346584
38,75,386967
75,38,386967
38,77,390366
77,38,390366
41,45,15477
45,41,15477
41,47,64017
47,41,64017
41,48,30764
48,41,30764
41,52,31385
52,41,31385
41,54,71014
54,41,71014
41,55,40341
55,41,40341
41,57,11080
57,41,11080
41,60,15808
60,41,15808
41,63,18016
63,41,18016
41,64,39497
64,41,39497
41,65,24324
65,41,24324
41,66,55221
66,41,55221
41,69,8593
69,41,8593
41,71,27048
71,41,27048
41,73,41841
73,41,41841
41,74,35698
74,41,35698
41,76,68642
76,41,68642
41,78,26350
78,41,26350
41,79,41782
79,41,41782
41,2,82214
2,41,82214
41,4,72181
4,41,72181
41,5,79211
5,41,79211
41,6,77855
6,41,77855
41,7,82527
7,41,82527
41,8,94008
8,41,94008
41,11,64861
11,41,64861
41,12,76854
12,41,76854
41,13,106458
13,41,106458
41,16,101161
16,41,101161
41,18,97853
18,41,97853
41,19,65570
19,41,65570
41,20,104151
20,41,104151
41,21,111477
21,41,111477
41,23,115195
23,41,115195
41,25,75139
25,41,75139
41,28,82225
28,41,82225
41,32,75444
32,41,75444
41,33,74050
33,41,74050
41,35,441279
35,41,441279
41,37,384540
37,41,384540
41,40,471721
40,41,471721
41,42,467020
42,41,467020
41,43,465684
43,41,465684
41,44,452269
44,41,452269
41,46,426808
46,41,426808
41,49,480060
49,41,480060
41,50,447793
50,41,447793
41,51,401932
51,41,401932
41,53,452472
53,41,452472
41,56,441770
56,41,441770
41,58,434424
58,41,434424
41,59,409928
59,41,409928
41,61,452474
61,41,452474
41,62,445467
62,41,445467
41,67,458373
67,41,458373
41,68,423001
68,41,423001
41,70,422832
70,41,422832
41,72,420752
72,41,420752
41,75,438642
75,41,438642
41,77,452212
77,41,452212
45,47,81519
47,45,81519
45,48,16270
48,45,16270
45,52,19857
52,45,19857
45,54,91973
54,45,91973
45,55,34156
55,45,34156
45,57,13401
57,45,13401
45,60,20540
60,45,20540
45,63,19246
63,45,19246
45,64,30112
64,45,30112
45,65,22494
65,45,22494
45,66,70007
66,45,70007
45,69,15522
69,45,15522
45,71,27473
71,45,27473
45,73,33495
73,45,33495
45,74,19992
74,45,19992
45,76,91463
76,45,91463
45,78,21410
78,45,21410
45,79,27395
79,45,27395
45,2,89234
2,45,89234
45,4,68659
4,45,68659
45,5,80744
5,45,80744
45,6,75717
6,45,75717
45,7,89152
7,45,89152
45,8,80923
8,45,80923
45,11,71837
11,45,71837
45,12,83992
12,45,83992
45,13,112615
13,45,112615
45,16,101290
16,45,101290
45,18,102239
18,45,102239
45,19,72259
19,45,72259
45,20,104550
20,45,104550
45,21,109406
21,45,109406
45,23,114426
23,45,114426
45,25,75000
25,45,75000
45,28,84394
28,45,84394
45,32,71018
32,45,71018
45,33,87535
33,45,87535
45,35,445971
35,45,445971
45,37,380689
37,45,380689
45,40,455009
40,45,455009
45,42,467148
42,45,467148
45,43,466081
43,45,466081
45,44,450449
44,45,450449
45,46,425586
46,45,425586
45,49,460915
49,45,460915
45,50,447571
50,45,447571
45,51,404651
51,45,404651
45,53,451697
53,45,451697
45,56,438026
56,45,438026
45,58,431271
58,45,431271
45,59,409336
59,45,409336
45,61,450578
61,45,450578
45,62,442713
62,45,442713
45,67,439671
67,45,439671
45,68,421608
68,45,421608
45,70,418502
70,45,418502
45,72,418990
72,45,418990
45,75,436668
75,45,436668
45,77,438563
77,45,438563
47,48,102691
48,47,102691
47,52,114379
52,47,114379
47,54,31882
54,47,31882
47,55,113845
55,47,113845
47,57,85094
57,47,85094
47,60,59706
60,47,59706
47,63,81519
63,47,81519
47,64,122037
64,47,122037
47,65,86399
65,47,86399
47,66,23626
66,47,23626
47,69,74183
69,47,74183
47,71,78200
71,47,78200
47,73,113724
73,47,113724
47,74,114885
74,47,114885
47,76,15582
76,47,15582
47,78,106702
78,47,106702
47,79,118391
79,47,118391
47,2,119252
2,47,119252
47,4,128077
4,47,128077
47,5,158489
5,47,158489
47,6,140505
6,47,140505
47,7,140860
7,47,140860
47,8,125789
8,47,125789
47,11,141773
11,47,141773
47,12,111697
12,47,111697
47,13,157576
13,47,157576
47,16,111165
16,47,111165
47,18,177651
18,47,177651
47,19,122842
19,47,122842
47,20,177123
20,47,177123
47,21,188462
21,47,188462
47,23,196110
23,47,196110
47,25,148622
25,47,148622
47,28,169220
28,47,169220
47,32,114715
32,47,114715
47,33,110282
33,47,110282
47,35,333686
35,47,333686
47,37,331465
37,47,331465
47,40,361669
40,47,361669
47,42,393681
42,47,393681
47,43,373889
43,47,373889
47,44,328328
44,47,328328
47,46,356999
46,47,356999
47,49,365064
49,47,365064
47,50,351565
50,47,351565
47,51,296649
51,47,296649
47,53,329104
53,47,329104
47,56,355255
56,47,355255
47,58,318401
58,47,318401
47,59,353489
59,47,353489
47,61,365737
61,47,365737
47,62,297634
62,47,297634
47,67,334043
67,47,334043
47,68,336914
68,47,336914
47,70,309438
70,47,309438
47,72,317300
72,47,317300
47,75,349130
75,47,349130
47,77,353318
77,47,353318
48,52,11707
52,48,11707
48,54,116262
54,48,116262
48,55,19866
55,48,19866
48,57,17201
57,48,17201
48,60,41525
60,48,41525
48,63,16679
63,48,16679
48,64,16957
64,48,16957
48,65,24066
65,48,24066
48,66,88761
66,48,88761
48,69,22012
69,48,22012
48,71,39619
71,48,39619
48,73,21775
73,48,21775
48,74,11113
74,48,11113
48,76,115085
76,48,115085
48,78,16638
78,48,16638
48,79,17034
79,48,17034
48,2,96744
2,48,96744
48,4,70937
4,48,70937
48,5,71037
5,48,71037
48,6,76189
6,48,76189
48,7,80867
7,48,80867
48,8,91672
8,48,91672
48,11,62060
11,48,62060
48,12,82675
12,48,82675
48,13,109581
13,48,109581
48,16,117060
16,48,117060
48,18,92367
18,48,92367
48,19,66852
19,48,66852
48,20,97779
20,48,97779
48,21,97864
21,48,97864
48,23,104141
23,48,104141
48,25,72407
25,48,72407
48,28,73337
28,48,73337
48,32,76609
32,48,76609
48,33,93345
33,48,93345
48,35,468800
35,48,468800
48,37,421614
37,48,421614
48,40,495177
40,48,495177
48,42,525483
42,48,525483
48,43,485052
43,48,485052
48,44,488197
44,48,488197
48,46,443790
46,48,443790
48,49,499155
49,48,499155
48,50,471179
50,48,471179
48,51,446145
51,48,446145
48,53,490649
53,48,490649
48,56,494335
56,48,494335
48,58,484096
58,48,484096
48,59,434810
59,48,434810
48,61,489661
61,48,489661
48,62,474695
62,48,474695
48,67,483607
67,48,483607
48,68,480727
68,48,480727
48,70,436995
70,48,436995
48,72,437253
72,48,437253
48,75,476301
75,48,476301
48,77,479480
77,48,479480
52,54,103614
54,52,103614
52,55,15686
55,52,15686
52,57,17493
57,52,17493
52,60,40428
60,52,40428
52,63,22025
63,52,22025
52,64,17536
64,52,17536
52,65,14671
65,52,14671
52,66,88339
66,52,88339
52,69,22180
69,52,22180
52,71,30381
71,52,30381
52,73,16773
73,52,16773
52,74,12938
74,52,12938
52,76,104192
76,52,104192
52,78,17457
78,52,17457
52,79,13001
79,52,13001
52,2,92919
2,52,92919
52,4,56039
4,52,56039
52,5,66436
5,52,66436
52,6,59838
6,52,59838
52,7,82915
7,52,82915
52,8,73979
8,52,73979
52,11,61453
11,52,61453
52,12,85585
12,52,85585
52,13,109267
13,52,109267
52,16,108579
16,52,108579
52,18,86295
18,52,86295
52,19,63387
19,52,63387
52,20,89472
20,52,89472
52,21,97321
21,52,97321
52,23,103620
23,52,103620
52,25,61659
25,52,61659
52,28,68483
28,52,68483
52,32,66455
32,52,66455
52,33,75915
33,52,75915
52,35,460643
35,52,460643
52,37,392299
37,52,392299
52,40,486723
40,52,486723
52,42,517055
42,52,517055
52,43,476029
43,52,476029
52,44,479743
44,52,479743
52,46,436342
46,52,436342
52,49,491035
49,52,491035
52,50,462916
50,52,462916
52,51,436495
51,52,436495
52,53,481917
53,52,481917
52,56,485881
56,52,485881
52,58,475865
58,52,475865
52,59,426038
59,52,426038
52,61,481430
61,52,481430
52,62,465512
62,52,465512
52,67,475411
67,52,475411
52,68,471827
68,52,471827
52,70,427008
70,52,427008
52,72,431596
72,52,431596
52,75,467847
75,52,467847
52,77,470906
77,52,470906
54,55,127593
55,54,127593
54,57,100138
57,54,100138
54,60,46168
60,54,46168
54,63,84205
63,54,84205
54,64,127710
64,54,127710
54,65,82265
65,54,82265
54,66,46259
66,54,46259
54,69,79956
69,54,79956
54,71,75982
71,54,75982
54,73,127594
73,54,127594
54,74,126253
74,54,126253
54,76,19576
76,54,19576
54,78,114499
78,54,114499
54,79,123508
79,54,123508
54,2,136655
2,54,136655
54,4,160794
4,54,160794
54,5,191366
5,54,191366
54,6,140692
6,54,140692
54,7,153507
7,54,153507
54,8,123802
8,54,123802
54,11,161860
11,54,161860
54,12,140341
12,54,140341
54,13,178440
13,54,178440
54,16,122976
16,54,122976
54,18,197984
18,54,197984
54,19,140674
19,54,140674
54,20,187155
20,54,187155
54,21,195448
21,54,195448
54,23,212195
23,54,212195
54,25,148757
25,54,148757
54,28,194467
28,54,194467
54,32,136736
32,54,136736
54,33,109968
33,54,109968
54,35,337394
35,54,337394
54,37,339121
37,54,339121
54,40,358161
40,54,358161
54,42,389369
42,54,389369
54,43,371352
43,54,371352
54,44,344050
44,54,344050
54,46,348501
46,54,348501
54,49,371164
49,54,371164
54,50,345702
50,54,345702
54,51,293993
51,54,293993
54,53,324130
53,54,324130
54,56,352450
56,54,352450
54,58,317945
58,54,317945
54,59,347001
59,54,347001
54,61,362533
61,54,362533
