区域1,区域2,长度
1,2,449
2,1,449
1,3,104
3,1,104
1,4,637
4,1,637
1,5,103
5,1,103
1,6,203
6,1,203
1,7,545
7,1,545
1,8,353
8,1,353
1,9,212
9,1,212
1,10,101
10,1,101
1,11,467
11,1,467
1,12,284
12,1,284
1,13,675
13,1,675
1,14,190
14,1,190
1,15,151
15,1,151
1,16,191
16,1,191
1,17,321
17,1,321
1,18,582
18,1,582
1,19,428
19,1,428
1,20,282
20,1,282
1,21,365
21,1,365
1,22,207
22,1,207
1,23,671
23,1,671
1,24,292
24,1,292
1,25,552
25,1,552
1,26,261
26,1,261
1,27,386
27,1,386
1,28,494
28,1,494
1,29,289
29,1,289
1,30,299
30,1,299
1,31,354
31,1,354
1,32,420
32,1,420
1,33,658
33,1,658
1,34,376
34,1,376
1,35,595
35,1,595
1,36,385
36,1,385
1,37,526
37,1,526
1,38,388
38,1,388
1,39,404
39,1,404
1,40,780
40,1,780
1,41,478
41,1,478
1,42,473
42,1,473
1,43,702
43,1,702
1,44,630
44,1,630
1,45,471
45,1,471
1,46,575
46,1,575
1,47,493
47,1,493
1,48,488
48,1,488
1,49,527
49,1,527
1,50,792
50,1,792
1,51,722
51,1,722
1,52,568
52,1,568
1,53,607
53,1,607
1,54,572
54,1,572
1,55,572
55,1,572
1,56,684
56,1,684
1,57,616
57,1,616
1,58,824
58,1,824
1,59,891
59,1,891
1,60,628
60,1,628
1,61,786
61,1,786
1,62,701
62,1,701
1,63,657
63,1,657
1,64,686
64,1,686
1,65,719
65,1,719
1,66,725
66,1,725
1,67,888
67,1,888
1,68,788
68,1,788
1,69,699
69,1,699
1,70,882
70,1,882
1,71,778
71,1,778
1,72,981
72,1,981
1,73,763
73,1,763
1,74,781
74,1,781
1,75,855
75,1,855
1,76,814
76,1,814
1,77,973
77,1,973
1,78,832
78,1,832
1,79,831
79,1,831
2,3,553
3,2,553
2,4,188
4,2,188
2,5,354
5,2,354
2,6,258
6,2,258
2,7,112
7,2,112
2,8,117
8,2,117
2,9,652
9,2,652
2,10,442
10,2,442
2,11,109
11,2,109
2,12,218
12,2,218
2,13,245
13,2,245
2,14,601
14,2,601
2,15,521
15,2,521
2,16,355
16,2,355
2,17,741
17,2,741
2,18,191
18,2,191
2,19,180
19,2,180
2,20,321
20,2,321
2,21,244
21,2,244
2,22,463
22,2,463
2,23,286
23,2,286
2,24,672
24,2,672
2,25,232
25,2,232
2,26,590
26,2,590
2,27,771
27,2,771
2,28,275
28,2,275
2,29,447
29,2,447
2,30,545
30,2,545
2,31,396
31,2,396
2,32,338
32,2,338
2,33,340
33,2,340
2,34,704
34,2,704
2,35,350
35,2,350
2,36,649
36,2,649
2,37,384
37,2,384
2,38,567
38,2,567
2,39,495
39,2,495
2,40,459
40,2,459
2,41,788
41,2,788
2,42,454
42,2,454
2,43,438
43,2,438
2,44,449
44,2,449
2,45,662
45,2,662
2,46,488
46,2,488
2,47,743
47,2,743
2,48,599
48,2,599
2,49,564
49,2,564
2,50,536
50,2,536
2,51,527
51,2,527
2,52,852
52,2,852
2,53,583
53,2,583
2,54,766
54,2,766
2,55,697
55,2,697
2,56,567
56,2,567
2,57,854
57,2,854
2,58,615
58,2,615
2,59,640
59,2,640
2,60,680
60,2,680
2,61,637
61,2,637
2,62,650
62,2,650
2,63,802
63,2,802
2,64,880
64,2,880
2,65,961
65,2,961
2,66,726
66,2,726
2,67,703
67,2,703
2,68,701
68,2,701
2,69,787
69,2,787
2,70,757
70,2,757
2,71,821
71,2,821
2,72,769
72,2,769
2,73,894
73,2,894
2,74,961
74,2,961
2,75,789
75,2,789
2,76,1033
76,2,1033
2,77,808
77,2,808
2,78,819
78,2,819
2,79,914
79,2,914
3,4,741
4,3,741
3,5,203
5,3,203
3,6,304
6,3,304
3,7,648
7,3,648
3,8,454
8,3,454
3,9,115
9,3,115
3,10,152
10,3,152
3,11,566
11,3,566
3,12,379
12,3,379
3,13,776
13,3,776
3,14,127
14,3,127
3,15,142
15,3,142
3,16,266
16,3,266
3,17,232
17,3,232
3,18,681
18,3,681
3,19,522
19,3,522
3,20,358
20,3,358
3,21,452
21,3,452
3,22,239
22,3,239
3,23,767
23,3,767
3,24,232
24,3,232
3,25,645
25,3,645
3,26,237
26,3,237
3,27,314
27,3,314
3,28,580
28,3,580
3,29,331
29,3,331
3,30,305
30,3,305
3,31,412
31,3,412
3,32,493
32,3,493
3,33,747
33,3,747
3,34,333
34,3,333
3,35,677
35,3,677
3,36,368
36,3,368
3,37,597
37,3,597
3,38,401
38,3,401
3,39,441
39,3,441
3,40,866
40,3,866
3,41,433
41,3,433
3,42,527
42,3,527
3,43,782
43,3,782
3,44,700
44,3,700
3,45,470
45,3,470
3,46,633
46,3,633
3,47,469
47,3,469
3,48,509
48,3,509
3,49,562
49,3,562
3,50,868
50,3,868
3,51,791
51,3,791
3,52,526
52,3,526
3,53,650
53,3,650
3,54,560
54,3,560
3,55,581
55,3,581
3,56,741
56,3,741
3,57,587
57,3,587
3,58,891
58,3,891
3,59,964
59,3,964
3,60,652
60,3,652
3,61,844
61,3,844
3,62,744
62,3,744
3,63,654
63,3,654
3,64,668
64,3,668
3,65,684
65,3,684
3,66,755
66,3,755
3,67,949
67,3,949
3,68,833
68,3,833
3,69,709
69,3,709
3,70,932
70,3,932
3,71,795
71,3,795
3,72,1044
72,3,1044
3,73,759
73,3,759
3,74,762
74,3,762
3,75,893
75,3,893
3,76,782
76,3,782
3,77,1029
77,3,1029
3,78,860
78,3,860
3,79,836
79,3,836
4,5,539
5,4,539
4,6,440
6,4,440
4,7,102
7,4,102
4,8,290
8,4,290
4,9,837
9,4,837
4,10,622
10,4,622
4,11,201
11,4,201
4,12,385
12,4,385
4,13,98
13,4,98
4,14,781
14,4,781
4,15,699
15,4,699
4,16,526
16,4,526
4,17,920
17,4,920
4,18,152
18,4,152
4,19,285
19,4,285
4,20,472
20,4,472
4,21,373
21,4,373
4,22,629
22,4,629
4,23,194
23,4,194
4,24,844
24,4,844
4,25,241
25,4,241
4,26,757
26,4,757
4,27,941
27,4,941
4,28,335
28,4,335
4,29,596
29,4,596
4,30,699
30,4,699
4,31,524
31,4,524
4,32,440
32,4,440
4,33,296
33,4,296
4,34,864
34,4,864
4,35,360
35,4,360
4,36,798
36,4,798
4,37,442
37,4,442
4,38,703
38,4,703
4,39,617
39,4,617
4,40,382
40,4,382
4,41,941
41,4,941
4,42,547
42,4,547
4,43,408
43,4,408
4,44,468
44,4,468
4,45,791
45,4,791
4,46,545
46,4,545
4,47,882
47,4,882
4,48,711
48,4,711
4,49,656
49,4,656
4,50,491
50,4,491
4,51,520
51,4,520
4,52,994
52,4,994
4,53,649
53,4,649
4,54,887
54,4,887
4,55,803
55,4,803
4,56,594
56,4,594
4,57,983
57,4,983
4,58,587
58,4,587
4,59,584
59,4,584
4,60,762
60,4,762
4,61,638
61,4,638
4,62,695
62,4,695
4,63,905
63,4,905
4,64,994
64,4,994
4,65,1086
65,4,1086
4,66,784
66,4,784
4,67,677
67,4,677
4,68,724
68,4,724
4,69,872
69,4,872
4,70,755
70,4,755
4,71,887
71,4,887
4,72,722
72,4,722
4,73,986
73,4,986
4,74,1066
74,4,1066
4,75,813
75,4,813
4,76,1148
76,4,1148
4,77,781
77,4,781
4,78,863
78,4,863
4,79,989
79,4,989
5,6,100
6,5,100
5,7,445
7,5,445
5,8,251
8,5,251
5,9,298
9,5,298
5,10,100
10,5,100
5,11,364
11,5,364
5,12,180
12,5,180
5,13,573
13,5,573
5,14,253
14,5,253
5,15,183
15,5,183
5,16,112
16,5,112
5,17,393
17,5,393
5,18,479
18,5,479
5,19,324
19,5,324
5,20,193
20,5,193
5,21,265
21,5,265
5,22,180
22,5,180
5,23,567
23,5,567
5,24,339
24,5,339
5,25,448
25,5,448
5,26,279
26,5,279
5,27,439
27,5,439
5,28,394
28,5,394
5,29,237
29,5,237
5,30,282
30,5,282
5,31,278
31,5,278
5,32,329
32,5,329
5,33,556
33,5,556
5,34,401
34,5,401
5,35,495
35,5,495
5,36,384
36,5,384
5,37,434
37,5,434
5,38,356
38,5,356
5,39,347
39,5,347
5,40,678
40,5,678
5,41,500
41,5,500
5,42,397
42,5,397
5,43,603
43,5,603
5,44,537
44,5,537
5,45,450
45,5,450
5,46,493
46,5,493
5,47,493
47,5,493
5,48,444
48,5,444
5,49,466
49,5,466
5,50,695
50,5,695
5,51,631
51,5,631
5,52,582
52,5,582
5,53,538
53,5,538
5,54,556
54,5,556
5,55,536
55,5,536
5,56,602
56,5,602
5,57,616
57,5,616
5,58,733
58,5,733
5,59,796
59,5,796
5,60,576
60,5,576
5,61,702
61,5,702
5,62,631
62,5,631
5,63,630
63,5,630
5,64,675
64,5,675
5,65,723
65,5,723
5,66,666
66,5,666
5,67,801
67,5,801
5,68,714
68,5,714
5,69,658
69,5,658
5,70,804
70,5,804
5,71,729
71,5,729
5,72,891
72,5,891
5,73,736
73,5,736
5,74,768
74,5,768
5,75,786
75,5,786
5,76,813
76,5,813
5,77,890
77,5,890
5,78,773
78,5,773
5,79,793
79,5,793
6,7,345
7,6,345
6,8,151
8,6,151
6,9,396
9,6,396
6,10,184
10,6,184
6,11,263
11,6,263
6,12,87
12,6,87
6,13,472
13,6,472
6,14,343
14,6,343
6,15,264
15,6,264
6,16,117
16,6,117
6,17,483
17,6,483
6,18,378
18,6,378
6,19,229
19,6,229
6,20,148
20,6,148
6,21,183
21,6,183
6,22,223
22,6,223
6,23,467
23,6,467
6,24,418
24,6,418
6,25,352
25,6,352
6,26,343
26,6,343
6,27,518
27,6,518
6,28,308
28,6,308
6,29,243
29,6,243
6,30,319
30,6,319
6,31,246
31,6,246
6,32,266
32,6,266
6,33,462
33,6,462
6,34,463
34,6,463
6,35,411
35,6,411
6,36,426
36,6,426
6,37,365
37,6,365
6,38,371
38,6,371
6,39,335
39,6,335
6,40,587
40,6,587
6,41,556
41,6,556
6,42,356
42,6,356
6,43,519
43,6,519
6,44,466
44,6,466
6,45,470
45,6,470
6,46,440
46,6,440
6,47,531
47,6,531
6,48,440
48,6,440
6,49,443
49,6,443
6,50,614
50,6,614
6,51,559
51,6,559
6,52,630
52,6,630
6,53,501
53,6,501
6,54,578
54,6,578
6,55,538
55,6,538
6,56,546
56,6,546
6,57,650
57,6,650
6,58,661
58,6,661
6,59,717
59,6,717
6,60,559
60,6,559
6,61,641
61,6,641
6,62,590
62,6,590
6,63,639
63,6,639
6,64,697
64,6,697
6,65,759
65,6,759
6,66,638
66,6,638
6,67,735
67,6,735
6,68,666
68,6,666
6,69,652
69,6,652
6,70,750
70,6,750
6,71,713
71,6,713
6,72,821
72,6,821
6,73,742
73,6,742
6,74,787
74,6,787
6,75,744
75,6,744
6,76,843
76,6,843
6,77,829
77,6,829
6,78,744
78,6,744
6,79,788
79,6,788
7,8,193
8,7,193
7,9,741
9,7,741
7,10,524
10,7,524
7,11,98
11,7,98
7,12,284
12,7,284
7,13,134
13,7,134
7,14,682
14,7,682
7,15,599
15,7,599
7,16,424
16,7,424
7,17,821
17,7,821
7,18,94
18,7,94
7,19,183
19,7,183
7,20,369
20,7,369
7,21,270
21,7,270
7,22,527
22,7,527
7,23,179
23,7,179
7,24,743
24,7,743
7,25,166
25,7,166
7,26,655
26,7,655
7,27,839
27,7,839
7,28,245
28,7,245
7,29,493
29,7,493
7,30,596
30,7,596
7,31,423
31,7,423
7,32,342
32,7,342
7,33,253
33,7,253
7,34,761
34,7,761
7,35,291
35,7,291
7,36,695
36,7,695
7,37,356
37,7,356
7,38,601
38,7,601
7,39,517
39,7,517
7,40,362
40,7,362
7,41,838
41,7,838
7,42,452
42,7,452
7,43,361
43,7,361
7,44,398
44,7,398
7,45,691
45,7,691
7,46,462
46,7,462
7,47,780
47,7,780
7,48,614
48,7,614
7,49,563
49,7,563
7,50,454
50,7,454
7,51,463
51,7,463
7,52,892
52,7,892
7,53,563
53,7,563
7,54,788
54,7,788
7,55,707
55,7,707
7,56,523
56,7,523
7,57,882
57,7,882
7,58,542
58,7,542
7,59,554
59,7,554
7,60,672
60,7,672
7,61,579
61,7,579
7,62,617
62,7,617
7,63,810
63,7,810
7,64,897
64,7,897
7,65,987
65,7,987
7,66,702
66,7,702
7,67,632
67,7,632
7,68,656
68,7,656
7,69,782
69,7,782
7,70,698
70,7,698
7,71,803
71,7,803
7,72,689
72,7,689
7,73,894
73,7,894
7,74,971
74,7,971
7,75,745
75,7,745
7,76,1051
76,7,1051
7,77,737
77,7,737
7,78,787
78,7,787
7,79,902
79,7,902
8,9,547
9,8,547
8,10,331
10,8,331
8,11,117
11,8,117
8,12,101
12,8,101
8,13,322
13,8,322
8,14,491
14,8,491
8,15,409
15,8,409
8,16,239
16,8,239
8,17,630
17,8,630
8,18,234
18,8,234
8,19,121
19,8,121
8,20,206
20,8,206
8,21,146
21,8,146
8,22,346
22,8,346
8,23,327
23,8,327
8,24,557
24,8,557
8,25,228
25,8,228
8,26,474
26,8,474
8,27,655
27,8,655
8,28,223
28,8,223
8,29,331
29,8,331
8,30,428
30,8,428
8,31,287
31,8,287
8,32,247
32,8,247
8,33,344
33,8,344
8,34,587
34,8,587
8,35,319
35,8,319
8,36,533
36,8,533
8,37,317
37,8,317
8,38,454
38,8,454
8,39,387
39,8,387
8,40,470
40,8,470
8,41,671
41,8,671
8,42,361
42,8,361
8,43,422
43,8,422
8,44,401
44,8,401
8,45,550
45,8,550
8,46,414
46,8,414
8,47,628
47,8,628
8,48,494
48,8,494
8,49,468
49,8,468
8,50,521
50,8,521
8,51,489
51,8,489
8,52,736
52,8,736
8,53,500
53,8,500
8,54,655
54,8,655
8,55,593
55,8,593
8,56,506
56,8,506
8,57,740
57,8,740
8,58,586
58,8,586
8,59,627
59,8,627
8,60,586
60,8,586
8,61,589
61,8,589
8,62,576
62,8,576
8,63,697
63,8,697
8,64,771
64,8,771
8,65,848
65,8,848
8,66,643
66,8,643
8,67,669
67,8,669
8,68,638
68,8,638
8,69,690
69,8,690
8,70,706
70,8,706
8,71,733
71,8,733
8,72,745
72,8,745
8,73,793
73,8,793
8,74,854
74,8,854
8,75,723
75,8,723
8,76,923
76,8,923
8,77,770
77,8,770
8,78,742
78,8,742
8,79,821
79,8,821
9,10,219
10,9,219
9,11,654
11,9,654
9,12,461
12,9,461
9,13,864
13,9,864
9,14,84
14,9,84
9,15,161
15,9,161
9,16,331
16,9,331
9,17,120
17,9,120
9,18,764
18,9,764
9,19,599
19,9,599
9,20,417
20,9,417
9,21,521
21,9,521
9,22,266
22,9,266
9,23,845
23,9,845
9,24,153
24,9,153
9,25,718
25,9,718
9,26,204
26,9,204
9,27,214
27,9,214
9,28,643
28,9,643
9,29,355
29,9,355
9,30,295
30,9,295
9,31,449
31,9,449
9,32,542
32,9,542
9,33,813
33,9,813
9,34,264
34,9,264
9,35,734
35,9,734
9,36,325
36,9,325
9,37,642
37,9,642
9,38,389
38,9,389
9,39,453
39,9,453
9,40,926
40,9,926
9,41,354
41,9,354
9,42,553
42,9,553
9,43,834
43,9,834
9,44,741
44,9,741
9,45,436
45,9,436
9,46,660
46,9,660
9,47,412
47,9,412
9,48,498
48,9,498
9,49,566
49,9,566
9,50,914
50,9,914
9,51,828
51,9,828
9,52,448
52,9,448
9,53,659
53,9,659
9,54,511
54,9,511
9,55,553
55,9,553
9,56,764
56,9,764
9,57,520
57,9,520
9,58,925
58,9,925
9,59,1004
59,9,1004
9,60,639
60,9,639
9,61,866
61,9,866
9,62,750
62,9,750
9,63,612
63,9,612
9,64,609
64,9,609
9,65,608
65,9,608
9,66,746
66,9,746
9,67,974
67,9,974
9,68,841
68,9,841
9,69,679
69,9,679
9,70,944
70,9,944
9,71,771
71,9,771
9,72,1072
72,9,1072
9,73,712
73,9,712
9,74,701
74,9,701
9,75,892
75,9,892
9,76,708
76,9,708
9,77,1045
77,9,1045
9,78,848
78,9,848
9,79,798
79,9,798
10,11,435
11,10,435
10,12,242
12,10,242
10,13,646
13,10,646
10,14,159
14,10,159
10,15,82
15,10,82
10,16,115
16,10,115
10,17,299
17,10,299
10,18,545
18,10,545
10,19,380
19,10,380
10,20,206
20,10,206
10,21,304
21,10,304
10,22,106
22,10,106
10,23,626
23,10,626
10,24,239
24,10,239
10,25,501
25,10,501
10,26,180
26,10,180
10,27,339
27,10,339
10,28,430
28,10,430
10,29,190
29,10,190
10,30,201
30,10,201
10,31,263
31,10,263
10,32,341
32,10,341
10,33,599
33,10,599
10,34,302
34,10,302
10,35,525
35,10,525
10,36,294
36,10,294
10,37,445
37,10,445
10,38,287
38,10,287
10,39,304
39,10,304
10,40,716
40,10,716
10,41,402
41,10,402
10,42,380
42,10,380
10,43,630
43,10,630
10,44,548
44,10,548
10,45,373
45,10,373
10,46,484
46,10,484
10,47,404
47,10,404
10,48,387
48,10,387
10,49,427
49,10,427
10,50,716
50,10,716
10,51,639
51,10,639
10,52,487
52,10,487
10,53,509
53,10,509
10,54,476
54,10,476
10,55,471
55,10,471
10,56,593
56,10,593
10,57,527
57,10,527
10,58,740
58,10,740
10,59,812
59,10,812
10,60,527
60,10,527
10,61,695
61,10,695
10,62,603
62,10,603
10,63,558
63,10,558
10,64,592
64,10,592
10,65,632
65,10,632
10,66,625
66,10,625
10,67,800
67,10,800
10,68,692
68,10,692
10,69,598
69,10,598
10,70,788
70,10,788
10,71,676
71,10,676
10,72,894
72,10,894
10,73,665
73,10,665
10,74,687
74,10,687
10,75,756
75,10,756
10,76,725
76,10,725
10,77,882
77,10,882
10,78,732
78,10,732
10,79,730
79,10,730
11,12,192
12,11,192
11,13,210
13,11,210
11,14,591
14,11,591
11,15,507
15,11,507
11,16,331
16,11,331
11,17,729
17,11,729
11,18,117
18,11,117
11,19,87
19,11,87
11,20,271
20,11,271
11,21,172
21,11,172
11,22,431
22,11,431
11,23,210
23,11,210
11,24,648
24,11,648
11,25,126
25,11,126
11,26,558
26,11,558
11,27,743
27,11,743
11,28,169
28,11,169
11,29,394
29,11,394
11,30,498
30,11,498
11,31,325
31,11,325
11,32,249
32,11,249
11,33,240
33,11,240
11,34,663
34,11,663
11,35,241
35,11,241
11,36,597
36,11,597
11,37,279
37,11,279
11,38,503
38,11,503
11,39,420
39,11,420
11,40,364
40,11,364
11,41,739
41,11,739
11,42,363
42,11,363
11,43,332
43,11,332
11,44,340
44,11,340
11,45,593
45,11,593
11,46,385
46,11,385
11,47,682
47,11,682
11,48,519
48,11,519
11,49,473
49,11,473
11,50,431
50,11,431
11,51,418
51,11,418
11,52,793
52,11,793
11,53,483
53,11,483
11,54,692
54,11,692
11,55,614
55,11,614
11,56,459
56,11,459
11,57,785
57,11,785
11,58,507
58,11,507
11,59,536
59,11,536
11,60,586
60,11,586
11,61,528
61,11,528
11,62,545
62,11,545
11,63,718
63,11,718
11,64,802
64,11,802
11,65,890
65,11,890
11,66,625
66,11,625
11,67,595
67,11,595
11,68,594
68,11,594
11,69,695
69,11,695
11,70,648
70,11,648
11,71,723
71,11,723
11,72,663
72,11,663
11,73,805
73,11,805
11,74,878
74,11,878
11,75,682
75,11,682
11,76,957
76,11,957
11,77,699
77,11,699
11,78,715
78,11,715
11,79,819
79,11,819
12,13,403
13,12,403
12,14,399
14,12,399
12,15,315
15,12,315
12,16,140
16,12,140
12,17,537
17,12,537
12,18,303
18,12,303
12,19,144
19,12,144
12,20,109
20,12,109
12,21,99
21,12,99
12,22,246
22,12,246
12,23,388
23,12,388
12,24,459
24,12,459
12,25,268
25,12,268
12,26,373
26,12,373
12,27,556
27,12,556
12,28,221
28,12,221
12,29,232
29,12,232
12,30,327
30,12,327
12,31,201
31,12,201
12,32,192
32,12,192
12,33,376
33,12,376
12,34,485
34,12,485
12,35,324
35,12,324
12,36,432
36,12,432
12,37,285
37,12,285
12,38,357
38,12,357
12,39,299
39,12,299
12,40,500
40,12,500
12,41,570
41,12,570
12,42,295
42,12,295
12,43,432
43,12,432
12,44,383
44,12,383
12,45,455
45,12,455
12,46,368
46,12,368
12,47,529
47,12,529
12,48,406
48,12,406
12,49,393
49,12,393
12,50,528
50,12,528
12,51,476
51,12,476
12,52,636
52,12,636
12,53,439
53,12,439
12,54,561
54,12,561
12,55,506
55,12,506
12,56,470
56,12,470
12,57,643
57,12,643
12,58,577
58,12,577
12,59,632
59,12,632
12,60,511
60,12,511
12,61,562
61,12,562
12,62,523
62,12,523
12,63,610
63,12,610
12,64,679
64,12,679
12,65,752
65,12,752
12,66,580
66,12,580
12,67,653
67,12,653
12,68,595
68,12,595
12,69,611
69,12,611
12,70,674
70,12,674
12,71,662
71,12,662
12,72,738
72,12,738
12,73,709
73,12,709
12,74,764
74,12,764
12,75,676
75,12,676
12,76,829
76,12,829
12,77,749
77,12,749
12,78,683
78,12,683
12,79,745
79,12,745
13,14,802
14,13,802
13,15,717
15,13,717
13,16,540
16,13,540
13,17,938
17,13,938
13,18,109
18,13,109
13,19,276
19,13,276
13,20,472
20,13,472
13,21,366
21,13,366
13,22,636
22,13,636
13,23,103
23,13,103
13,24,854
24,13,854
13,25,193
25,13,193
13,26,762
26,13,762
13,27,948
27,13,948
13,28,295
28,13,295
13,29,589
29,13,589
13,30,694
30,13,694
13,31,507
31,13,507
13,32,412
32,13,412
13,33,214
33,13,214
13,34,861
34,13,861
13,35,294
35,13,294
13,36,787
36,13,787
13,37,391
37,13,391
13,38,685
38,13,685
13,39,592
39,13,592
13,40,285
40,13,285
13,41,930
41,13,930
13,42,508
42,13,508
13,43,323
43,13,323
13,44,399
44,13,399
13,45,766
45,13,766
13,46,489
46,13,489
13,47,862
47,13,862
13,48,678
48,13,678
13,49,613
49,13,613
13,50,400
50,13,400
13,51,439
51,13,439
13,52,975
52,13,975
13,53,593
53,13,593
13,54,856
54,13,856
13,55,764
55,13,764
13,56,523
56,13,523
13,57,955
57,13,955
13,58,498
58,13,498
13,59,489
59,13,489
13,60,711
60,13,711
13,61,557
61,13,557
13,62,629
62,13,629
13,63,863
63,13,863
13,64,957
64,13,957
13,65,1055
65,13,1055
13,66,722
66,13,722
13,67,588
67,13,588
13,68,649
68,13,649
13,69,821
69,13,821
13,70,672
70,13,672
13,71,827
71,13,827
13,72,628
72,13,628
13,73,937
73,13,937
13,74,1023
74,13,1023
13,75,736
75,13,736
13,76,1110
76,13,1110
13,77,691
77,13,691
13,78,793
78,13,793
13,79,931
79,13,931
14,15,85
15,14,85
14,16,262
16,14,262
14,17,140
17,14,140
14,18,699
18,14,699
14,19,531
19,14,531
14,20,342
20,14,342
14,21,449
21,14,449
14,22,185
22,14,185
14,23,776
23,14,776
14,24,105
24,14,105
14,25,647
25,14,647
14,26,123
26,14,123
14,27,196
27,14,196
14,28,567
28,14,567
14,29,272
29,14,272
14,30,211
30,14,211
14,31,367
31,14,367
14,32,463
32,14,463
14,33,738
33,14,738
14,34,206
34,14,206
14,35,655
35,14,655
14,36,251
36,14,251
14,37,560
37,14,560
14,38,306
38,14,306
14,39,368
39,14,368
14,40,848
40,14,848
14,41,305
41,14,305
14,42,469
42,14,469
14,43,755
43,14,755
14,44,659
44,14,659
14,45,359
45,14,359
14,46,576
46,14,576
14,47,346
47,14,346
14,48,415
48,14,415
14,49,481
49,14,481
14,50,832
50,14,832
14,51,745
51,14,745
14,52,398
52,14,398
14,53,574
53,14,574
14,54,441
54,14,441
14,55,475
55,14,475
14,56,680
56,14,680
14,57,461
57,14,461
14,58,841
58,14,841
14,59,921
59,14,921
14,60,557
60,14,557
14,61,782
61,14,782
14,62,665
62,14,665
14,63,539
63,14,539
14,64,545
64,14,545
14,65,556
65,14,556
14,66,663
66,14,663
14,67,890
67,14,890
14,68,757
68,14,757
14,69,602
69,14,602
14,70,859
70,14,859
14,71,692
71,14,692
14,72,987
72,14,987
14,73,642
73,14,642
14,74,639
74,14,639
14,75,809
75,14,809
14,76,655
76,14,655
14,77,961
77,14,961
14,78,766
78,14,766
14,79,724
79,14,724
15,16,177
16,15,177
15,17,221
17,15,221
15,18,614
18,15,614
15,19,446
19,15,446
15,20,258
20,15,258
15,21,363
21,15,363
15,22,106
22,15,106
15,23,691
23,15,691
15,24,156
24,15,156
15,25,562
25,15,562
15,26,110
26,15,110
15,27,256
27,15,256
15,28,483
28,15,483
15,29,198
29,15,198
15,30,163
30,15,163
15,31,289
31,15,289
15,32,381
32,15,381
15,33,654
33,15,654
15,34,227
34,15,227
15,35,573
35,15,573
15,36,237
36,15,237
15,37,481
37,15,481
15,38,259
38,15,259
15,39,303
39,15,303
15,40,765
40,15,765
15,41,328
41,15,328
15,42,397
42,15,397
15,43,673
43,15,673
15,44,581
44,15,581
15,45,331
45,15,331
15,46,504
46,15,504
15,47,344
47,15,344
15,48,367
48,15,367
15,49,423
49,15,423
15,50,753
50,15,753
15,51,669
51,15,669
15,52,417
52,15,417
15,53,512
53,15,512
15,54,426
54,15,426
15,55,440
55,15,440
15,56,610
56,15,610
15,57,465
57,15,465
15,58,767
58,15,767
15,59,844
59,15,844
15,60,510
60,15,510
15,61,713
61,15,713
15,62,605
62,15,605
15,63,517
63,15,517
15,64,539
64,15,539
15,65,568
65,15,568
15,66,613
66,15,613
15,67,820
67,15,820
15,68,696
68,15,696
15,69,568
69,15,568
15,70,796
70,15,796
15,71,653
71,15,653
15,72,916
72,15,916
15,73,622
73,15,622
15,74,634
74,15,634
15,75,753
75,15,753
15,76,664
76,15,664
15,77,895
77,15,895
15,78,719
78,15,719
15,79,696
79,15,696
16,17,398
17,16,398
16,18,436
18,16,436
16,19,269
19,16,269
16,20,92
20,16,92
16,21,189
21,16,189
16,22,108
22,16,108
16,23,514
23,16,514
16,24,318
24,16,318
16,25,387
25,16,387
16,26,234
26,16,234
16,27,416
27,16,416
16,28,314
28,16,314
16,29,131
29,16,131
16,30,202
30,16,202
16,31,166
31,16,166
16,32,229
32,16,229
16,33,484
33,16,484
16,34,350
34,16,350
16,35,410
35,16,410
16,36,309
36,16,309
16,37,334
37,16,334
16,38,257
38,16,257
16,39,236
39,16,236
16,40,600
40,16,600
16,41,440
41,16,440
16,42,286
42,16,286
16,43,516
43,16,516
16,44,438
44,16,438
16,45,355
45,16,355
16,46,385
46,16,385
16,47,413
47,16,413
16,48,336
48,16,336
16,49,354
49,16,354
16,50,603
50,16,603
16,51,531
51,16,531
16,52,513
52,16,513
16,53,426
53,16,426
16,54,463
54,16,463
16,55,431
55,16,431
16,56,494
56,16,494
16,57,533
57,16,533
16,58,632
58,16,632
16,59,701
59,16,701
16,60,465
60,16,465
16,61,595
61,16,595
16,62,518
62,16,518
16,63,529
63,16,529
16,64,582
64,16,582
16,65,642
65,16,642
16,66,553
66,16,553
16,67,697
67,16,697
16,68,602
68,16,602
16,69,551
69,16,551
16,70,694
70,16,694
16,71,619
71,16,619
16,72,789
72,16,789
16,73,634
73,16,634
16,74,673
74,16,673
16,75,674
75,16,674
16,76,727
76,16,727
16,77,783
77,16,783
16,78,661
78,16,661
16,79,686
79,16,686
17,18,834
18,17,834
17,19,665
19,17,665
17,20,472
20,17,472
17,21,580
21,17,580
17,22,308
22,17,308
17,23,908
23,17,908
17,24,106
24,17,106
17,25,778
25,17,778
17,26,200
26,17,200
17,27,106
27,17,106
17,28,692
28,17,692
17,29,382
29,17,382
17,30,295
30,17,295
17,31,480
31,17,480
17,32,581
32,17,581
17,33,863
33,17,863
17,34,196
34,17,196
17,35,775
35,17,775
17,36,283
36,17,283
17,37,672
37,17,672
17,38,375
38,17,375
17,39,458
39,17,458
17,40,968
40,17,968
17,41,265
41,17,265
17,42,567
42,17,567
17,43,869
43,17,869
17,44,766
44,17,766
17,45,395
45,17,395
17,46,672
46,17,672
17,47,345
47,17,345
17,48,477
48,17,477
17,49,557
49,17,557
17,50,940
50,17,940
17,51,847
51,17,847
17,52,355
52,17,355
17,53,651
53,17,651
17,54,449
54,17,449
17,55,512
55,17,512
17,56,769
56,17,769
17,57,437
57,17,437
17,58,938
58,17,938
17,59,1022
59,17,1022
17,60,609
60,17,609
17,61,869
61,17,869
17,62,737
62,17,737
17,63,553
63,17,553
17,64,532
64,17,532
17,65,514
65,17,514
17,66,718
66,17,718
17,67,978
67,17,978
17,68,829
68,17,829
17,69,631
69,17,631
17,70,934
70,17,934
17,71,727
71,17,727
17,72,1076
72,17,1076
17,73,646
73,17,646
17,74,620
74,17,620
17,75,869
75,17,869
17,76,614
76,17,614
17,77,1039
77,17,1039
17,78,813
78,17,813
17,79,739
79,17,739
18,19,169
19,18,169
18,20,365
20,18,365
18,21,258
21,18,258
18,22,530
22,18,530
18,23,95
23,18,95
18,24,747
24,18,747
18,25,90
25,18,90
18,26,654
26,18,654
18,27,840
27,18,840
18,28,189
28,18,189
18,29,480
29,18,480
18,30,585
30,18,585
18,31,398
31,18,398
18,32,303
32,18,303
18,33,159
33,18,159
18,34,752
34,18,752
18,35,209
35,18,209
18,36,677
36,18,677
18,37,292
37,18,292
18,38,575
38,18,575
18,39,483
39,18,483
18,40,270
40,18,270
18,41,820
41,18,820
18,42,403
42,18,403
18,43,268
43,18,268
18,44,317
44,18,317
18,45,658
45,18,658
18,46,394
46,18,394
18,47,753
47,18,753
18,48,571
48,18,571
18,49,510
49,18,510
18,50,360
50,18,360
18,51,374
51,18,374
18,52,866
52,18,866
18,53,498
53,18,498
18,54,749
54,18,749
18,55,659
55,18,659
18,56,443
56,18,443
18,57,847
57,18,847
18,58,450
58,18,450
18,59,460
59,18,460
18,60,613
60,18,613
18,61,491
61,18,491
18,62,543
62,18,543
18,63,760
63,18,760
18,64,852
64,18,852
18,65,948
65,18,948
18,66,632
66,18,632
18,67,540
67,18,540
18,68,574
68,18,574
18,69,722
69,18,722
18,70,610
70,18,610
18,71,735
71,18,735
18,72,595
72,18,595
18,73,838
73,18,838
18,74,920
74,18,920
18,75,663
75,18,663
18,76,1006
76,18,1006
18,77,645
77,18,645
18,78,711
78,18,711
18,79,837
79,18,837
19,20,196
20,19,196
19,21,89
21,19,89
19,22,360
22,19,360
19,23,246
23,19,246
19,24,578
24,19,578
19,25,123
25,19,123
19,26,485
26,19,485
19,27,671
27,19,671
19,28,103
28,19,103
19,29,314
29,19,314
19,30,419
30,19,419
19,31,239
31,19,239
19,32,162
32,19,162
19,33,234
33,19,234
19,34,585
34,19,585
19,35,198
35,19,198
19,36,514
36,19,514
19,37,205
37,19,205
19,38,418
38,19,418
19,39,333
39,19,333
19,40,359
40,19,359
19,41,657
41,19,657
19,42,277
42,19,277
19,43,303
43,19,303
19,44,282
44,19,282
19,45,507
45,19,507
19,46,308
46,19,308
19,47,597
47,19,597
19,48,432
48,19,432
19,49,387
49,19,387
19,50,401
50,19,401
19,51,368
51,19,368
19,52,709
52,19,709
19,53,402
53,19,402
19,54,605
54,19,605
19,55,527
55,19,527
19,56,392
56,19,392
19,57,699
57,19,699
19,58,465
58,19,465
19,59,507
59,19,507
19,60,501
60,19,501
19,61,470
61,19,470
19,62,470
62,19,470
19,63,631
63,19,631
19,64,715
64,19,715
19,65,803
65,19,803
19,66,546
66,19,546
19,67,548
67,19,548
19,68,526
68,19,526
19,69,610
69,19,610
19,70,588
70,19,588
19,71,641
71,19,641
19,72,624
72,19,624
19,73,719
73,19,719
19,74,791
74,19,791
19,75,613
75,19,613
19,76,869
76,19,869
19,77,650
77,19,650
19,78,639
78,19,639
19,79,735
79,19,735
20,21,108
21,20,108
20,22,165
22,20,165
20,23,435
23,20,435
20,24,382
24,20,382
20,25,305
25,20,305
20,26,289
26,20,289
20,27,475
27,20,475
20,28,225
28,20,225
20,29,126
29,20,126
20,30,227
30,20,227
20,31,98
31,20,98
20,32,137
32,20,137
20,33,396
33,20,396
20,34,391
34,20,391
20,35,319
35,20,319
20,36,329
36,20,329
20,37,243
37,20,243
20,38,248
38,20,248
20,39,192
39,20,192
20,40,510
40,20,510
20,41,470
41,20,470
20,42,209
42,20,209
20,43,424
43,20,424
20,44,347
44,20,347
20,45,345
45,20,345
20,46,301
46,20,301
20,47,422
47,20,422
20,48,299
48,20,299
20,49,295
49,20,295
20,50,511
50,20,511
20,51,440
51,20,440
20,52,530
52,20,530
20,53,354
53,20,354
20,54,451
54,20,451
20,55,399
55,20,399
20,56,409
56,20,409
20,57,534
57,20,534
20,58,541
58,20,541
20,59,609
59,20,609
20,60,412
60,20,412
20,61,508
61,20,508
20,62,444
62,20,444
20,63,501
63,20,501
20,64,569
64,20,569
20,65,643
65,20,643
20,66,490
66,20,490
20,67,608
67,20,608
20,68,524
68,20,524
20,69,508
69,20,508
20,70,611
70,20,611
20,71,565
71,20,565
20,72,699
72,20,699
20,73,602
73,20,602
20,74,655
74,20,655
20,75,599
75,20,599
20,76,720
76,20,720
20,77,697
77,20,697
20,78,595
78,20,595
20,79,642
79,20,642
21,22,273
22,21,273
21,23,327
23,21,327
21,24,490
24,21,490
21,25,198
25,21,198
21,26,397
26,21,397
21,27,582
27,21,582
21,28,128
28,21,128
21,29,224
29,21,224
21,30,329
30,21,329
21,31,154
31,21,154
21,32,102
32,21,102
21,33,295
33,21,295
21,34,495
34,21,495
21,35,230
35,21,230
21,36,425
36,21,425
21,37,186
37,21,186
21,38,331
38,21,331
21,39,252
39,21,252
21,40,414
40,21,414
21,41,568
41,21,568
21,42,215
42,21,215
21,43,338
43,21,338
21,44,284
44,21,284
21,45,423
45,21,423
21,46,275
46,21,275
21,47,510
47,21,510
21,48,355
48,21,355
21,49,322
49,21,322
21,50,432
50,21,432
21,51,377
51,21,377
21,52,621
52,21,621
21,53,355
53,21,355
21,54,523
54,21,523
21,55,453
55,21,453
21,56,374
56,21,374
21,57,614
57,21,614
21,58,478
58,21,478
21,59,535
59,21,535
21,60,440
60,21,440
21,61,464
61,21,464
21,62,434
62,21,434
21,63,557
63,21,557
21,64,636
64,21,636
21,65,720
65,21,720
21,66,498
66,21,498
21,67,554
67,21,554
21,68,501
68,21,501
21,69,545
69,21,545
21,70,577
70,21,577
21,71,587
71,21,587
21,72,639
72,21,639
21,73,650
73,21,650
21,74,716
74,21,716
21,75,585
75,21,585
21,76,790
76,21,790
21,77,650
77,21,650
21,78,598
78,21,598
21,79,675
79,21,675
22,23,600
23,22,600
22,24,217
24,22,217
22,25,470
25,22,470
22,26,127
26,22,127
22,27,312
27,22,312
22,28,384
28,22,384
22,29,92
29,22,92
22,30,102
30,22,102
22,31,182
31,22,182
22,32,277
32,22,277
22,33,555
33,22,555
22,34,241
34,22,241
22,35,470
35,22,470
22,36,206
36,22,206
22,37,375
37,22,375
22,38,181
38,22,181
22,39,203
39,22,203
22,40,663
40,22,663
22,41,332
41,22,332
22,42,290
42,22,290
22,43,569
43,22,569
22,44,475
44,22,475
22,45,271
45,22,271
22,46,397
46,22,397
22,47,314
47,22,314
22,48,281
48,22,281
22,49,325
49,22,325
22,50,647
50,22,647
22,51,562
51,22,562
22,52,408
52,22,408
22,53,411
53,22,411
22,54,376
54,22,376
22,55,365
55,22,365
22,56,504
56,22,504
22,57,436
57,22,436
22,58,660
58,22,660
22,59,738
59,22,738
22,60,421
60,22,421
22,61,607
61,22,607
22,62,505
62,22,505
22,63,454
63,22,454
22,64,494
64,22,494
22,65,544
65,22,544
22,66,521
66,22,521
22,67,714
67,22,714
22,68,594
68,22,594
22,69,492
69,22,492
22,70,693
70,22,693
22,71,570
71,22,570
22,72,810
72,22,810
22,73,561
73,22,561
22,74,588
74,22,588
22,75,656
75,22,656
22,76,633
76,22,633
22,77,791
77,22,791
22,78,627
78,22,627
22,79,624
79,22,624
23,24,817
24,23,817
23,25,130
25,23,130
23,26,722
26,23,722
23,27,906
27,23,906
23,28,228
28,23,228
23,29,541
29,23,541
23,30,646
30,23,646
23,31,451
31,23,451
23,32,349
32,23,349
23,33,111
33,23,111
23,34,811
34,23,811
23,35,201
35,23,201
23,36,731
36,23,731
23,37,309
37,23,309
23,38,623
38,23,623
23,39,526
39,23,526
23,40,189
40,23,189
23,41,872
41,23,872
23,42,432
42,23,432
23,43,219
43,23,219
23,44,301
44,23,301
23,45,698
45,23,698
23,46,399
46,23,399
23,47,797
47,23,797
23,48,603
48,23,603
23,49,532
49,23,532
23,50,297
50,23,297
23,51,336
51,23,336
23,52,910
52,23,910
23,53,502
53,23,502
23,54,781
54,23,781
23,55,684
55,23,684
23,56,424
56,23,424
23,57,882
57,23,882
23,58,395
58,23,395
23,59,389
59,23,389
23,60,623
60,23,623
23,61,453
61,23,453
23,62,531
62,23,531
23,63,780
63,23,780
23,64,877
64,23,877
23,65,978
65,23,978
23,66,626
66,23,626
23,67,485
67,23,485
23,68,547
68,23,547
23,69,731
69,23,731
23,70,568
70,23,568
23,71,731
71,23,731
23,72,528
72,23,528
23,73,848
73,23,848
23,74,938
74,23,938
23,75,634
75,23,634
23,76,1028
76,23,1028
23,77,588
77,23,588
23,78,693
78,23,693
23,79,836
79,23,836
24,25,686
25,24,686
24,26,97
26,24,97
24,27,100
27,24,100
24,28,597
28,24,597
24,29,282
29,24,282
24,30,190
30,24,190
24,31,379
31,24,379
24,32,482
32,24,482
24,33,766
33,24,766
24,34,110
34,24,110
24,35,675
35,24,675
24,36,181
36,24,181
24,37,570
37,24,570
24,38,268
38,24,268
24,39,352
39,24,352
24,40,867
40,24,867
24,41,203
41,24,203
24,42,462
42,24,462
24,43,767
43,24,767
24,44,662
44,24,662
24,45,295
45,24,295
24,46,566
46,24,566
24,47,259
47,24,259
24,48,372
48,24,372
24,49,450
49,24,450
24,50,836
50,24,836
24,51,741
51,24,741
24,52,297
52,24,297
24,53,545
53,24,545
24,54,360
54,24,360
24,55,413
55,24,413
24,56,663
56,24,663
24,57,366
57,24,366
24,58,832
58,24,832
24,59,917
59,24,917
24,60,506
60,24,506
24,61,762
61,24,762
24,62,631
62,24,631
24,63,462
63,24,462
24,64,455
64,24,455
24,65,456
65,24,456
24,66,615
66,24,615
24,67,871
67,24,871
24,68,723
68,24,723
24,69,535
69,24,535
24,70,828
70,24,828
24,71,629
71,24,629
24,72,969
72,24,969
24,73,561
73,24,561
24,74,547
74,24,547
24,75,765
75,24,765
24,76,556
76,24,556
24,77,933
77,24,933
24,78,712
78,24,712
24,79,649
79,24,649
25,26,591
26,25,591
25,27,775
27,25,775
25,28,102
28,25,102
25,29,410
29,25,410
25,30,515
30,25,515
25,31,322
31,25,322
25,32,222
32,25,222
25,33,116
33,25,116
25,34,681
34,25,681
25,35,125
35,25,125
25,36,602
36,25,602
25,37,201
37,25,201
25,38,496
38,25,496
25,39,401
39,25,401
25,40,242
40,25,242
25,41,744
41,25,744
25,42,315
42,25,315
25,43,206
43,25,206
25,44,232
44,25,232
25,45,575
45,25,575
25,46,303
46,25,303
25,47,672
47,25,672
25,48,485
48,25,485
25,49,421
49,25,421
25,50,304
50,25,304
25,51,299
51,25,299
25,52,785
52,25,785
25,53,407
53,25,407
25,54,663
54,25,663
25,55,571
55,25,571
25,56,357
56,25,357
25,57,762
57,25,762
25,58,384
58,25,384
25,59,409
59,25,409
25,60,522
60,25,522
25,61,413
61,25,413
25,62,454
62,25,454
25,63,671
63,25,671
25,64,764
64,25,764
25,65,861
65,25,861
25,66,542
66,25,542
25,67,472
67,25,472
25,68,490
68,25,490
25,69,632
69,25,632
25,70,533
70,25,533
25,71,645
71,25,645
25,72,537
72,25,537
25,73,747
73,25,747
25,74,831
74,25,831
25,75,579
75,25,579
25,76,917
76,25,917
25,77,577
77,25,577
25,78,623
78,25,623
25,79,747
79,25,747
26,27,185
27,26,185
26,28,500
28,26,500
26,29,184
29,26,184
26,30,96
30,26,96
26,31,282
31,26,282
26,32,385
32,26,385
26,33,669
33,26,669
26,34,122
34,26,122
26,35,578
35,26,578
26,36,131
36,26,131
26,37,473
37,26,473
26,38,185
38,26,185
26,39,259
39,26,259
26,40,770
40,26,770
26,41,221
41,26,221
26,42,367
42,26,367
26,43,670
43,26,670
26,44,566
44,26,566
26,45,236
45,26,236
26,46,472
46,26,472
26,47,235
47,26,235
26,48,293
48,26,293
26,49,365
49,26,365
26,50,740
50,26,740
26,51,647
51,26,647
26,52,307
52,26,307
26,53,459
53,26,459
26,54,323
54,26,323
26,55,351
55,26,351
26,56,572
56,26,572
26,57,356
57,26,356
26,58,739
58,26,739
26,59,823
59,26,823
26,60,434
60,26,434
26,61,673
61,26,673
26,62,548
62,26,548
26,63,418
63,26,418
26,64,432
64,26,432
26,65,458
65,26,458
26,66,541
66,26,541
26,67,781
67,26,781
26,68,640
68,26,640
26,69,478
69,26,478
26,70,744
70,26,744
26,71,568
71,26,568
26,72,879
72,26,879
26,73,522
73,26,522
26,74,527
74,26,527
26,75,688
75,26,688
26,76,554
76,26,554
26,77,847
77,26,847
26,78,643
78,26,643
26,79,601
79,26,601
27,28,682
28,27,682
27,29,365
29,27,365
27,30,264
30,27,264
27,31,460
31,27,460
27,32,565
32,27,565
27,33,849
33,27,849
27,34,118
34,27,118
27,35,755
35,27,755
27,36,215
36,27,215
27,37,646
37,27,646
27,38,323
38,27,323
27,39,417
39,27,417
27,40,945
40,27,945
27,41,162
41,27,162
27,42,530
42,27,530
27,43,842
43,27,842
27,44,731
44,27,731
27,45,319
45,27,319
27,46,628
46,27,628
27,47,252
47,27,252
27,48,414
48,27,414
27,49,500
49,27,500
27,50,904
50,27,904
27,51,806
51,27,806
27,52,249
52,27,249
27,53,593
53,27,593
27,54,357
54,27,357
27,55,432
55,27,432
27,56,718
56,27,718
27,57,334
57,27,334
27,58,891
58,27,891
27,59,979
59,27,979
27,60,536
60,27,536
27,61,814
61,27,814
27,62,673
62,27,673
27,63,460
63,27,460
27,64,430
64,27,430
27,65,407
65,27,407
27,66,643
66,27,643
27,67,923
67,27,923
27,68,764
68,27,764
27,69,544
69,27,544
27,70,868
70,27,868
27,71,641
71,27,641
27,72,1021
72,27,1021
27,73,549
73,27,549
27,74,516
74,27,516
27,75,796
75,27,796
27,76,507
76,27,507
27,77,976
77,27,976
27,78,733
78,27,733
27,79,644
79,27,644
28,29,316
29,28,316
28,30,419
30,28,419
28,31,224
31,28,224
28,32,121
32,28,121
28,33,170
33,28,170
28,34,584
34,28,584
28,35,102
35,28,102
28,36,502
36,28,502
28,37,111
37,28,111
28,38,395
38,28,395
28,39,299
39,28,299
28,40,286
40,28,286
28,41,644
41,28,644
28,42,214
42,28,214
28,43,210
43,28,210
28,44,179
44,28,179
28,45,472
45,28,472
28,46,217
46,28,217
28,47,570
47,28,570
28,48,382
48,28,382
28,49,322
49,28,322
28,50,307
50,28,307
28,51,265
51,28,265
28,52,683
52,28,683
28,53,318
53,28,318
28,54,560
54,28,560
28,55,470
55,28,470
28,56,292
56,28,292
28,57,660
57,28,660
28,58,363
58,28,363
28,59,411
59,28,411
28,60,427
60,28,427
28,61,367
61,28,367
28,62,376
62,28,376
28,63,571
63,28,571
28,64,663
64,28,663
28,65,759
65,28,759
28,66,458
66,28,458
28,67,445
67,28,445
28,68,426
68,28,426
28,69,537
69,28,537
28,70,485
70,28,485
28,71,558
71,28,558
28,72,523
72,28,523
28,73,651
73,28,651
28,74,732
74,28,732
28,75,514
75,28,514
28,76,816
76,28,816
28,77,546
77,28,546
28,78,546
78,28,546
28,79,657
79,28,657
29,30,105
30,29,105
29,31,97
31,29,97
29,32,200
32,29,200
29,33,484
33,29,484
29,34,271
34,29,271
29,35,393
35,29,393
29,36,203
36,29,203
29,37,290
37,29,290
29,38,128
38,29,128
29,39,114
39,29,114
29,40,585
40,29,585
29,41,345
41,29,345
29,42,198
42,29,198
29,43,487
43,29,487
29,44,387
44,29,387
29,45,227
45,29,227
29,46,305
46,29,305
29,47,297
47,29,297
29,48,206
48,29,206
29,49,237
49,29,237
29,50,561
50,29,561
29,51,473
51,29,473
29,52,404
52,29,404
29,53,320
53,29,320
29,54,335
54,29,335
29,55,300
55,29,300
29,56,412
56,29,412
29,57,412
57,29,412
29,58,569
58,29,569
29,59,649
59,29,649
29,60,340
60,29,340
29,61,515
61,29,515
29,62,414
62,29,414
29,63,397
63,29,397
29,64,454
64,29,454
29,65,521
65,29,521
29,66,435
66,29,435
29,67,622
67,29,622
29,68,503
68,29,503
29,69,421
69,29,421
29,70,601
70,29,601
29,71,493
71,29,493
29,72,718
72,29,718
29,73,502
73,29,502
29,74,544
74,29,544
29,75,566
75,29,566
29,76,602
76,29,602
29,77,698
77,29,698
29,78,543
78,29,543
29,79,556
79,29,556
30,31,196
31,30,196
30,32,300
32,30,300
30,33,585
33,30,585
30,34,166
34,30,166
30,35,490
35,30,490
30,36,106
36,30,106
30,37,382
37,30,382
30,38,96
38,30,96
30,39,162
39,30,162
30,40,681
40,30,681
30,41,243
41,30,243
30,42,272
42,30,272
30,43,579
43,30,579
30,44,472
44,30,472
30,45,172
45,30,172
30,46,376
46,30,376
30,47,212
47,30,212
30,48,205
48,30,205
30,49,270
49,30,270
30,50,646
50,30,646
30,51,551
51,30,551
30,52,311
52,30,311
30,53,364
53,30,364
30,54,275
54,30,275
30,55,276
55,30,276
30,56,475
56,30,475
30,57,334
57,30,334
30,58,643
58,30,643
30,59,727
59,30,727
30,60,348
60,30,348
30,61,576
61,30,576
30,62,454
62,30,454
30,63,358
63,30,358
30,64,393
64,30,393
30,65,442
65,30,442
30,66,453
66,30,453
30,67,685
67,30,685
30,68,546
68,30,546
30,69,404
69,30,404
30,70,649
70,30,649
30,71,489
71,30,489
30,72,783
72,30,783
30,73,464
73,30,464
30,74,487
74,30,487
30,75,597
75,30,597
30,76,531
76,30,531
30,77,752
77,30,752
30,78,557
78,30,557
30,79,534
79,30,534
31,32,104
32,31,104
31,33,388
33,31,388
31,34,360
34,31,360
31,35,295
35,31,295
31,36,280
36,31,280
31,37,193
37,31,193
31,38,178
38,31,178
31,39,100
39,31,100
31,40,488
40,31,488
31,41,422
41,31,422
31,42,119
42,31,119
31,43,389
43,31,389
31,44,292
44,31,292
31,45,268
45,31,268
31,46,221
46,31,221
31,47,357
47,31,357
31,48,206
48,31,206
31,49,196
49,31,196
31,50,465
50,31,465
31,51,380
51,31,380
31,52,470
52,31,470
31,53,260
53,31,260
31,54,370
54,31,370
31,55,306
55,31,306
31,56,330
56,31,330
31,57,460
57,31,460
31,58,479
58,31,479
31,59,555
59,31,555
31,60,313
60,31,313
31,61,433
61,31,433
31,62,352
62,31,352
31,63,410
63,31,410
31,64,484
64,31,484
31,65,566
65,31,566
31,66,392
66,31,392
31,67,537
67,31,537
31,68,435
68,31,435
31,69,410
69,31,410
31,70,528
70,31,528
31,71,466
71,31,466
31,72,632
72,31,632
31,73,508
73,31,508
31,74,567
74,31,567
31,75,507
75,31,507
31,76,637
76,31,637
31,77,619
77,31,619
31,78,499
78,31,499
31,79,544
79,31,544
32,33,284
33,32,284
32,34,464
34,32,464
32,35,193
35,32,193
32,36,381
36,32,381
32,37,105
37,32,105
32,38,274
38,32,274
32,39,180
39,32,180
32,40,386
40,32,386
32,41,523
41,32,523
32,42,116
42,32,116
32,43,292
43,32,292
32,44,209
44,32,209
32,45,354
45,32,354
32,46,175
46,32,175
32,47,450
47,32,450
32,48,271
48,32,271
32,49,226
49,32,226
32,50,375
50,32,375
32,51,302
51,32,302
32,52,563
52,32,563
32,53,252
53,32,252
32,54,447
54,32,447
32,55,365
55,32,365
32,56,279
56,32,279
32,57,544
57,32,544
32,58,404
58,32,404
32,59,471
59,32,471
32,60,342
60,32,342
32,61,375
61,32,375
32,62,332
62,32,332
32,63,469
63,32,469
32,64,555
64,32,555
32,65,646
65,32,646
32,66,396
66,32,396
32,67,472
67,32,472
32,68,403
68,32,403
32,69,449
69,32,449
32,70,483
70,32,483
32,71,486
71,32,486
32,72,562
72,32,562
32,73,557
73,32,557
32,74,629
74,32,629
32,75,484
75,32,484
32,76,709
76,32,709
32,77,563
77,32,563
32,78,496
78,32,496
32,79,577
79,32,577
33,34,747
34,33,747
33,35,102
35,33,102
33,36,660
36,33,660
33,37,218
37,33,218
33,38,549
38,33,549
33,39,449
39,33,449
33,40,126
40,33,126
33,41,799
41,33,799
33,42,346
42,33,346
33,43,111
43,33,111
33,44,192
44,33,192
33,45,615
45,33,615
33,46,296
46,33,296
33,47,716
47,33,716
33,48,515
48,33,515
33,49,437
49,33,437
33,50,200
50,33,200
33,51,225
51,33,225
33,52,828
52,33,828
33,53,398
53,33,398
33,54,690
54,33,690
33,55,588
55,33,588
33,56,313
56,33,313
33,57,793
57,33,793
33,58,291
58,33,291
33,59,302
59,33,302
33,60,520
60,33,520
33,61,343
61,33,343
33,62,421
62,33,421
33,63,681
63,33,681
33,64,780
64,33,780
33,65,885
65,33,885
33,66,516
66,33,516
33,67,382
67,33,382
33,68,436
68,33,436
33,69,627
69,33,627
33,70,459
70,33,459
33,71,622
71,33,622
33,72,435
72,33,435
33,73,744
73,33,744
33,74,837
74,33,837
33,75,522
75,33,522
33,76,930
76,33,930
33,77,487
77,33,487
33,78,582
78,33,582
33,79,728
79,33,728
34,35,650
35,34,650
34,36,97
36,34,97
34,37,538
37,34,538
34,38,208
38,34,208
34,39,305
39,34,305
34,40,838
40,34,838
34,41,101
41,34,101
34,42,418
42,34,418
34,43,732
43,34,732
34,44,620
44,34,620
34,45,203
45,34,203
34,46,514
46,34,514
34,47,150
47,34,150
34,48,296
48,34,296
34,49,382
49,34,382
34,50,791
50,34,791
34,51,691
51,34,691
34,52,193
52,34,193
34,53,476
53,34,476
34,54,253
54,34,253
34,55,318
55,34,318
34,56,601
56,34,601
34,57,256
57,34,256
34,58,775
